38000 -281136.867618524
6893000 -280793.604476551
13713000 -281876.91588675
20535000 -280942.341197424
27357000 -282013.903797522
34126000 -280728.032964565
40963000 -279631.714426287
47797000 -279577.579096198
54626000 -276589.629662506
61459000 -275559.812124059
68290000 -275560.158878207
75129000 -274470.637554303
81972000 -274339.276970312
88781000 -272622.121892497
95585000 -271971.080726027
102328000 -272058.08991617
109083000 -270007.116447479
115836000 -269986.154964834
122587000 -268995.200125009
129718000 -267451.957055286
136469000 -265473.360930622
143225000 -265440.806431025
149978000 -264450.249519527
156729000 -262489.690246075
163476000 -261583.105359674
170225000 -260658.543248594
176975000 -258727.998518109
183728000 -256767.497088909
190476000 -254872.946850359
197225000 -253972.414882928
203977000 -253041.932447463
210727000 -250141.431627482
217479000 -249222.971385419
224230000 -248322.506164104
230984000 -246392.104719698
237735000 -244503.662582099
244488000 -242597.26992631
251241000 -242696.891038567
257991000 -239838.461662799
264741000 -238986.040713102
271500000 -237031.836983681
278255000 -235131.561349452
285009000 -231249.27806443
291763000 -230373.01032865
298512000 -226562.624330044
305266000 -226698.383239448
312018000 -223864.100611508
318770000 -222035.829970717
325521000 -219225.540993154
332274000 -218397.324650526
339028000 -217563.154180825
345774000 -216830.73529917
352529000 -214996.622688055
359287000 -213132.631736875
366041000 -211322.520792305
372801000 -209446.644746959
379633000 -208715.491699457
386497000 -207607.721555233
393327000 -205912.829397261
400188000 -203853.33414799
406950000 -200983.980771542
413746000 -200714.083707511
420565000 -199175.262928486
427378000 -195714.311504304
434205000 -195092.106360972
447845000 -192033.484559178
454657000 -190608.995365024
461478000 -189083.059750438
468305000 -186491.554542124
475133000 -186894.245676279
481954000 -184386.728226066
488781000 -182813.657383502
495606000 -181270.627323031
502439000 -180638.169181824
509271000 -179023.81358254
516101000 -177439.502366126
522941000 -175741.906415462
529773000 -173146.022107542
536607000 -171532.409415066
543443000 -168901.073745251
550281000 -167252.020506978
557110000 -166716.585598946
563938000 -164199.238817453
570774000 -161592.541448236
577601000 -159099.43448329
584426000 -157636.34487462
591249000 -154203.267222404
598070000 -152800.196127653
604891000 -150403.260523319
611719000 -148928.936863542
618541000 -146532.347501159
625365000 -144118.0351578
632189000 -142709.863702893
639043000 -140949.983136773
645862000 -137613.757614493
652694000 -136128.619068861
659519000 -134733.115233302
666341000 -133379.52828002
673152000 -131163.240774632
679970000 -129869.610240102
686788000 -127582.109799981
693608000 -126276.897182584
700426000 -125001.658729672
707247000 -122696.792359114
714083000 -123219.284929276
720916000 -120783.692607403
727753000 -120306.590849996
734620000 -117478.18151927
741444000 -116168.328172565
748273000 -116805.046077967
755486000 -113873.321460843
762317000 -113498.860810876
769139000 -112237.754226685
775947000 -110149.528804421
782767000 -107924.502960324
789585000 -106729.427765489
796417000 -106373.776558757
803253000 -104976.653939843
810083000 -103657.128479123
816907000 -103415.183964133
823739000 -101084.148532867
830559000 -97902.1052958965
837394000 -97547.6631199121
844224000 -97258.888012886
851059000 -94916.7627345324
857882000 -93723.5918197632
864710000 -92477.0671312809
871534000 -91284.2812205553
878368000 -89978.6684813499
885207000 -89619.7352942228
892036000 -88385.9197016954
898864000 -87170.1480679512
905688000 -86008.0971961021
912511000 -83864.0794812441
919339000 -82666.7440129519
926163000 -82523.1185061932
932980000 -80468.8608695269
939804000 -79337.510840416
946636000 -78117.1995486021
953466000 -76926.8172870874
960289000 -75825.7884899378
967120000 -73635.8182405233
973950000 -73463.885650754
980769000 -72428.8206841946
987591000 -71364.2405072451
994469000 -69640.4356222153
1001262000 -69932.7167254686
1008089000 -67827.1743830442
1014914000 -67751.5358580351
1021744000 -66622.6507014036
1028565000 -65606.8099092245
1035386000 -65597.1046074629
1042205000 -63617.2851266861
1049022000 -63667.3460716009
1055846000 -62640.4217432737
1062658000 -59762.1079136133
1069476000 -59818.6839762926
1076295000 -57869.5194635391
1083115000 -56914.6170729399
1089944000 -53859.0285379887
1096767000 -52880.7977130413
1110401000 -51085.1473879814
1117217000 -50208.3799436092
1124032000 -48349.6033728123
1130852000 -47437.6341240406
1137672000 -46531.7985665798
1144492000 -43632.0967006683
1151311000 -41750.3893034458
1158147000 -40673.1958885193
1164970000 -37756.3316581249
1171791000 -36869.3226697445
1178600000 -35130.7353076935
1192217000 -29683.7577302456
1199050000 -27679.0036280155
1205875000 -27775.2352747917
1212700000 -25877.6096098423
1219545000 -25749.0910208225
1226364000 -22934.8740112782
1233185000 -22103.088932991
1240008000 -21253.7411832809
1246829000 -19434.2288844585
1253660000 -19502.37926507
1260470000 -17825.4571404457
1267676000 -17463.8492631912
1274505000 -15574.4680769444
1281337000 -14655.7058887482
1288540000 -12349.4553561211
1295363000 -11549.9140348434
1302175000 -10886.7615039349
1308989000 -11206.0483148098
1315805000 -9507.77985835075
1322622000 -9803.79971385002
1329436000 -8141.45972895622
1336255000 -5426.06070327759
1343458000 -6171.97542190552
1350262000 -5646.70359420776
1357079000 -2973.6993496418
1363895000 -2318.65614509583
1370704000 -752.562355518341
1377520000 890.234143733978
1384331000 -532.246096849442
1391143000 3050.98529911041
1397948000 2545.29961824417
1404762000 4139.95339155197
1411580000 5775.79008293152
1418393000 5346.36889767647
1425197000 7804.4046754837
1432009000 8350.92560172081
1438822000 9903.15008068085
1445634000 10437.4314885139
1452446000 11965.5935866833
1459257000 13475.8162064552
1466121000 14606.3424253464
1472924000 15009.7354938984
1479739000 15548.8350243568
1486553000 18069.9932851791
1493370000 17620.4756512642
1500180000 18082.1263244152
1506994000 20584.9167728424
1513801000 19998.8934948444
1520616000 22501.2565019131
1527429000 24973.8724527359
1534628000 24999.1253626347
1541442000 26470.9616298676
1548255000 27924.8665621281
1555068000 28372.6503872871
1561873000 29719.8600244522
1568674000 33013.7399666309
1575486000 32431.3736002445
1582301000 33878.2997500896
1589109000 36236.479893446
1595935000 37800.9865231514
1602752000 37253.1374652386
1609555000 38533.9552543163
1616370000 39950.2632911205
1623184000 41348.6480765343
1629995000 41705.5170016289
1636805000 43044.4716589451
1643619000 44424.4940230846
1650438000 44857.3682675362
1657256000 44272.3165616989
1664076000 46704.721077919
1677702000 48386.0499932766
1684516000 48729.3232533932
1691385000 49714.899428606
1698191000 49951.5681900978
1705003000 52252.8549842834
1711817000 54571.596193552
1718649000 55096.3618245125
1725466000 54438.1962394714
1732281000 55750.334031105
1739091000 56997.4307947159
1745892000 58132.3705282211
1752706000 57414.3698217869
1759516000 58643.1239242554
1766326000 58865.7623093128
1773139000 60117.6213049889
1779953000 60375.1370706558
1786768000 61638.3069112301
1793580000 61860.0238113403
1800393000 63087.3965830803
1807207000 64320.4225308895
1814013000 64453.1384954453
1820825000 65650.3808505535
1827638000 65853.2754843235
1834450000 66038.2783210278
1841261000 68205.3920557499
1848093000 69613.535022974
1854910000 70839.0028250217
1861733000 71128.9448885918
1868551000 71353.9168977737
1875360000 72466.8711576462
1882177000 73667.8266732693
1888990000 73815.5999009609
1895803000 74957.2520217896
1902615000 75081.0213346481
1909438000 76328.0401632786
1916259000 76545.4000990391
1923078000 76733.106539011
1929891000 78844.1324620247
1936714000 80066.6093313694
1943527000 80165.3840565681
1950347000 80340.3255259991
1957168000 81520.8878114223
1963982000 83613.0393486023
1970796000 84699.06798172
1977628000 83990.5062987804
1984448000 84134.7784118652
1991264000 85225.9167904854
1998074000 86240.4339950085
2004884000 88248.8354823589
2012078000 87762.0812091827
2018895000 88840.1309847832
2025713000 89923.7979323864
2032534000 90036.5684921741
2039350000 91084.4852142334
2046161000 91067.5615811348
2052975000 92079.7460539341
2059792000 93121.0305461884
2066611000 92179.6668920517
2073809000 93681.3094313145
2080622000 93656.9118199348
2087814000 93074.8312249184
2094625000 94014.3781285286
2101461000 95241.1945376396
2108278000 96238.8914430141
2115095000 96230.4600520134
2121909000 97180.7020175457
2128723000 96124.8210790157
2135530000 97980.700335741
2142344000 97912.5798799992
2149173000 98014.274343729
2155984000 99898.7097351551
2162810000 99952.9384610653
2170014000 99433.626013279
2183650000 101323.086267948
2190471000 101293.792478085
2204474000 103448.410953999
2211291000 103353.501991749
2218110000 105275.904926777
2224925000 105145.299179077
2231742000 106032.005328178
2238549000 105795.409177303
2245365000 106658.151220798
2252183000 107538.197972298
2258991000 107294.967583179
2265796000 108010.483645439
2272604000 108755.031698227
2279423000 110622.299753189
2286242000 110483.43591547
2293067000 111408.701456547
2299876000 112140.475307465
2306688000 111901.260483742
2313501000 113667.633866787
2320319000 112486.419234276
2327125000 115158.605873108
2333932000 113836.388799191
2340744000 115566.581019402
2347563000 116372.575107574
2354381000 116160.735177517
2361194000 117884.259016991
2368013000 118671.863721371
2374838000 120523.533105373
2381652000 120240.375982285
2388465000 122939.39832449
2395273000 124573.81589365
2402090000 125307.383853436
2408901000 124964.653901577
2416107000 126234.941213131
2422927000 126984.859238148
2429737000 128611.721691132
2436555000 127325.998748302
2443377000 127080.907270908
2450192000 127747.852068901
2457007000 127408.672166348
2463823000 127075.055256367
2470637000 128711.938258171
2477831000 129783.329498291
2484650000 128466.049970627
2491463000 130072.534259796
2498277000 130684.580593109
2505097000 131360.597528934
2511917000 131030.480773449
2518721000 132507.34307766
2525536000 132106.575553894
2532356000 131758.076610565
2539174000 133380.08846283
2545989000 134960.939646244
2552802000 132512.314209461
2559626000 135185.993332386
2566441000 134748.464121819
2573265000 136409.869566917
2580096000 137146.840650082
2586912000 137702.586330414
2593731000 139287.217199802
2600567000 139064.100430965
2607336000 139053.013978958
2614150000 138560.939497948
2620965000 139074.40908432
2627781000 138593.420041561
2634598000 138117.969673157
2641416000 137648.05528307
2648236000 138195.337548256
2655073000 137934.748182774
2661879000 138306.485730648
2668695000 139788.721517086
2675517000 140334.789470196
2682325000 139711.495836735
2689133000 140082.0900774
2695947000 139516.514692307
2702756000 139886.535480022
2709573000 140343.684639454
2716390000 140794.705502033
2723211000 141286.21201992
2730027000 140713.320105553
2736839000 143087.694931507
2743650000 142444.299655914
2750463000 141818.086653709
2757288000 142325.540480137
2764098000 143652.130197525
2770912000 144019.192987442
2777735000 144484.949554443
2784543000 144769.886054039
2791358000 145130.22193718
2798175000 145507.720324039
2804987000 145820.876897812
2818608000 147393.909393787
2825421000 147700.35074091
2832237000 148035.588313103
2839049000 148318.146540165
2845869000 147687.683961391
2852681000 147957.99638176
2859496000 148257.096039295
2866314000 149584.974844933
2873125000 150825.287533283
2879940000 150106.013986588
2886756000 150392.247659206
2893570000 149649.092789173
2900385000 149911.445139408
2907198000 149144.414339066
2914013000 150394.519084454
2920835000 149719.891117096
2927647000 151922.86058569
2934467000 150212.715778828
2941287000 151496.437280178
2948093000 153611.291456699
2954917000 153929.249895573
2961728000 152089.981017113
2968540000 153256.215761185
2975353000 154427.951432705
2982174000 153686.520701408
2988987000 154846.006971836
2995799000 154987.754593849
3002612000 154134.999549389
3009472000 154822.063215733
3016260000 157666.652707577
3023072000 157783.900632858
3029888000 157941.481430531
3036704000 157092.935729504
3043518000 158215.041033745
3050336000 157377.464831829
3057150000 157487.320734501
3063958000 158521.402421474
3070770000 157595.802599907
3077583000 157675.690224648
3084391000 157691.427453995
3091204000 157759.077356815
3098021000 157867.022397518
3104842000 158015.251785755
3112035000 157473.377863407
3132459000 158409.461628437
3139272000 158433.925070763
3146082000 161417.474239349
3152901000 159499.27910614
3159716000 160528.56838274
3166536000 163609.708086967
3173358000 162707.902350903
3180167000 162649.247375011
3186981000 162642.440126419
3193796000 162641.10140419
3200613000 162656.819044113
3207430000 162666.408387661
3214240000 164588.748297215
3221058000 162597.675176144
3227864000 163461.428715706
3234695000 162608.72468853
3241508000 162541.334692955
3248318000 162433.070870876
3255121000 162237.607929707
3268737000 160944.188080311
3275548000 161823.051917076
3282742000 160130.833397865
3289553000 160997.118204594
3296365000 160868.863401413
3303178000 159746.066295147
3310003000 160756.061363697
3316827000 159748.33853817
3323635000 162549.285906792
3330452000 160448.281839848
3337266000 160306.431944847
3344081000 162170.030757904
3350891000 160969.651301384
3357707000 161832.575021744
3364530000 160770.354654312
3371340000 160551.610983372
3378153000 161361.452952385
3384972000 162234.571135521
3391791000 161101.557425976
3398604000 160893.02529335
3405422000 161736.18967104
3412232000 160480.722958565
3419059000 160415.689866066
3425886000 159344.510485172
3432701000 160128.465716362
3453169000 158709.399449348
3459985000 158480.391534805
3466792000 158141.258257389
3473594000 158738.241986275
3480411000 158502.428883076
3487263000 158664.833127975
3494460000 160806.418380737
3501276000 159540.296432495
3508085000 160187.198096752
3528518000 162160.503304958
3542164000 163722.544352055
3548981000 163425.088695526
3555800000 162144.5921278
3562618000 162846.420874119
3569437000 162553.661419868
3576258000 161277.852061749
3583073000 160926.666641712
3589886000 160546.278125763
3596698000 161148.230205059
3603524000 159905.586569786
3610349000 160645.261947632
3617164000 161263.438642979
3623967000 159737.074211121
3630784000 159366.079897404
3637602000 160000.490191936
3644418000 159605.70637989
3651613000 160575.076213837
3658431000 160190.75906086
3665240000 160696.548476696
3672053000 160242.337419987
3678866000 159782.005255699
3685682000 158350.131678581
3692498000 158912.131603241
3699309000 160410.381194115
3706117000 158867.941663265
3712944000 159538.326447487
3719759000 160064.300105095
3726572000 159561.10671711
3733378000 159971.150302887
3740216000 159743.705355167
3747038000 160325.798740387
3753850000 159786.579092503
3760658000 159195.173427582
3767478000 159735.844979763
3774284000 159109.174530029
3781100000 159591.535365582
3787919000 159102.308950424
3794727000 158480.316621304
3801549000 159013.370167255
3808369000 158517.265652657
3815184000 158957.480014801
3821999000 158391.569675922
3828866000 157417.934301853
3835669000 157701.646413326
3842487000 157151.843682289
3849297000 157503.870955944
3856107000 158849.782512188
3862928000 159316.113455296
3869746000 158741.802034855
3876945000 159543.381455898
3883758000 157898.965070724
3890568000 158213.928942204
3897378000 157522.777096272
3904191000 157860.002781391
3911000000 158145.11995554
3917815000 157493.098926544
3924640000 156949.903728008
3931467000 157423.554145813
3938283000 157764.632495403
3945098000 158088.091991901
3951911000 157382.443874836
3958716000 157578.750185013
3965529000 156860.867041588
3972337000 157079.418980598
3979157000 156429.713162899
3985975000 154750.89972496
3992790000 155031.497997284
3999607000 155328.941901684
4006422000 153597.288974762
4013243000 152928.411558628
4020059000 154195.98630619
4026872000 153422.989842892
4040491000 152778.275175571
4047302000 151963.963927746
4054506000 151654.370586872
4061323000 150896.333496571
4068140000 151132.168109417
4074959000 149384.824886322
4081774000 147585.452447414
4088585000 147734.06157732
4095398000 147899.498262882
4102213000 147081.75711298
4109029000 147269.361999035
4115837000 146359.081678867
4122656000 147568.847577572
4129475000 147772.481584072
4136291000 145935.582273006
4143108000 146104.022706985
4149919000 146197.542778969
4156739000 145388.125349045
4163536000 144308.912641048
4170357000 144498.711163521
4177209000 144037.688375473
4184025000 144157.88380003
4190838000 143237.572881222
4197654000 142345.518005371
4204466000 142401.504026413
4211279000 141462.827991009
4218085000 142437.836364746
4224894000 140441.102576256
4231707000 140484.073102951
4238520000 139520.922523022
4245359000 139849.422605038
4252174000 138896.910172462
4258990000 137949.7239995
4265804000 138973.511203766
4272621000 138025.522994995
4279434000 136025.613430977
4286248000 138031.030127048
4293067000 138087.556256771
4299882000 138092.16822052
4306712000 139262.325516224
4313532000 138311.8934412
4320363000 139481.199227333
4327175000 139426.954125881
4333995000 138458.11827898
4340811000 136437.388056755
4347637000 136524.924053192
4354460000 136572.000447273
4361286000 136647.250165939
4368109000 137682.045682907
4374913000 136493.42432785
4381725000 137390.17623806
4388543000 136349.412100792
4395359000 136279.651912689
4402172000 135169.468989372
4408994000 135156.045581818
4415815000 134125.05460453
4422634000 133065.069375038
4429460000 132078.951622009
4436280000 132018.123893738
4443091000 132848.322331429
4449905000 132706.680607796
4456720000 130570.340867996
4463538000 131462.148388863
4470349000 130267.864196777
4477169000 128170.262200356
4483983000 127997.998770714
4490826000 127150.803754807
4497640000 126966.268458366
4504452000 125752.773076057
4511262000 124510.322998047
4518084000 125398.758735657
4524899000 123201.145923615
4531720000 122065.898385048
4538535000 121856.030777931
4545350000 120640.038469315
4552162000 118383.684560776
4558983000 117223.91395092
4565792000 116921.081831932
4572606000 115669.183811188
4579416000 114365.528065681
4586227000 113067.164410591
4593040000 113785.497059822
4599862000 112600.362692833
4606675000 111306.445043564
4613492000 111052.023136139
4620310000 109802.876246452
4627120000 109456.379945755
4633938000 107194.98005867
4640757000 105938.850694656
4647571000 107619.590848923
4654391000 105362.601013184
4661205000 103031.089968681
4668019000 102693.456020355
4674830000 102315.510798454
4681645000 99977.028963089
4688453000 99552.6621417999
4695274000 97270.2977619171
4702090000 96924.8352499008
4708909000 96607.4211292267
4715742000 95443.3453216553
4722550000 93988.3666982651
4729369000 93652.5542001724
4736194000 91378.9379987717
4743009000 90985.3077917099
4749828000 89631.097817421
4756647000 88270.7559490204
4763455000 88779.053399086
4770267000 87326.7728757858
4777079000 86868.3730421066
4783896000 84460.7626037598
4790697000 83864.9303865433
4804369000 83451.5004367828
4811178000 82928.3318967819
4817989000 81421.8039245605
4824809000 81011.5455532074
4831628000 81583.7780418396
4838442000 82093.0059041977
4845262000 80664.3527526855
4852082000 81229.5659103394
4858902000 78788.6453762054
4865717000 78284.7363986969
4872543000 77899.7732839584
4879360000 76406.3433218002
4886224000 74441.0927877426
4893032000 74833.057849884
4899852000 74355.3081855774
4906663000 72769.1348772049
4913480000 71245.0319690704
4920290000 71635.2544908524
4927489000 69439.5022773743
4934297000 70794.420208931
4941117000 67279.5581150055
4947927000 67644.9612417221
4954742000 67061.0447053909
4961562000 65527.7950277328
4968379000 64954.3394212723
4975198000 63397.4685459137
4982019000 62857.1770038605
4989212000 61534.6945133209
4996022000 59856.9059467316
5002841000 57275.1774806976
5009648000 57551.0934886932
5016462000 55900.3566703796
5023287000 54368.3488435745
5030105000 53750.7534246445
5036920000 54092.9827899933
5043736000 51440.4349298477
5050547000 52725.0276899338
5057365000 51082.9226818085
5064174000 50332.5845680237
5084623000 49294.4125556946
5091443000 46644.3520317078
5098257000 46920.116106987
5105069000 45167.0785045624
5111887000 44475.9525213242
5118706000 43790.0340328217
5125525000 43097.9836511612
5132345000 41411.1371660233
5139152000 40570.803401947
5145963000 39769.6952848434
5159980000 36625.3342905045
5166800000 36907.5000724792
5173624000 34228.8535499573
5180432000 33362.7949790955
5187277000 31909.7805690765
5194094000 32133.4133558273
5200909000 29328.2643508911
5207725000 28528.3164949417
5214537000 27676.9423351288
5221350000 25830.7729206085
5228167000 25023.77501297
5234978000 24142.7152786255
5241794000 22312.1448163986
5248629000 21690.5365285873
5255440000 21791.0982065201
5262260000 17987.4102973938
5269072000 18087.0466241837
5275886000 17203.1973638535
5282695000 15256.6453866959
5289508000 13349.2397480011
5296319000 12413.0846691132
5303121000 10368.9926595688
5309960000 10737.3569755554
5316784000 8929.8813791275
5323599000 7014.46978092194
5330396000 5889.35939979553
5337214000 5995.64089679718
5344018000 2937.48204803467
5350833000 1997.59501171112
5357646000 1028.97111701965
5364454000 -2.2997875213623
5371273000 -1915.33570957184
5378098000 -2766.68323040009
5384910000 -3771.10571479797
5391721000 -4792.94909477234
5398534000 -5798.30861473083
5405352000 -7753.29030036926
5412173000 -8680.50541400909
5418986000 -8704.23993396759
5425792000 -9813.17520236969
5432607000 -11826.5532588959
5439426000 -11800.8748369217
5446238000 -13860.3890771866
5453055000 -15869.555141449
5459868000 -15930.0198936462
5466686000 -16940.1472549438
5473496000 -19046.7311182022
5480310000 -19114.2710857391
5487121000 -20221.8009710312
5493939000 -22256.4316253662
5500754000 -24331.0539960861
5507584000 -24242.5064592361
5514396000 -26363.2479352951
5521214000 -28422.4016656876
5528029000 -28521.53632164
5534845000 -30615.512966156
5541663000 -30693.052485466
5548474000 -31855.688492775
5555286000 -33013.1619987488
5562106000 -34086.5218791962
5568923000 -37199.8501033783
5575735000 -38375.6932172775
5582557000 -40444.8914403915
5589361000 -40723.1863298416
5596180000 -42838.4668073654
5602994000 -45016.2477960587
5609803000 -46256.5158205032
5616623000 -48378.9065589905
5623434000 -51608.8702440262
5630247000 -50822.4111824036
5637064000 -52996.9962997437
5643870000 -56301.6613798141
5650680000 -57567.3652486801
5657495000 -58782.852148056
5664304000 -60072.0575819016
5671120000 -62288.5237512589
5677940000 -64466.0610523224
5684762000 -66627.2061634064
5691596000 -67659.3440713882
5698411000 -68911.6025438309
5705225000 -70181.2459602356
5712048000 -72355.678185463
5718861000 -75648.833940506
5725672000 -76970.6258955002
5732487000 -79253.5087718964
5739318000 -82362.4243793488
5746121000 -82792.6292266846
5752928000 -87183.9214143753
5759739000 -88536.3117132187
5766560000 -91782.2979764938
5773378000 -93068.1734933853
5780193000 -94393.9301757812
5787006000 -95748.3104753494
5793824000 -99052.5690841675
5800641000 -101374.205447197
5807454000 -101746.957152367
5814290000 -104867.175143242
5821095000 -106342.14942646
5827915000 -107654.569479942
5834718000 -111164.257036209
5841542000 -114443.960116386
5848358000 -116819.735023499
5855170000 -118246.598304749
5861984000 -120657.101754189
5868800000 -123051.250763893
5875616000 -124451.52627182
5882448000 -127678.138306618
5889268000 -129045.737301826
5896076000 -131554.290878296
5902894000 -133956.614814758
5909707000 -136421.235230446
5916522000 -136869.511996269
5923339000 -135301.450502396
5930159000 -134705.825564384
5936973000 -133183.712405205
5943818000 -132319.629934311
5950639000 -131731.195278168
5957452000 -132238.711957932
5964259000 -132819.706242561
5971067000 -131395.585671425
5977872000 -132011.250090599
5984684000 -130554.45751667
5991555000 -130441.657470703
5998341000 -129288.917787552
6005154000 -127839.292097092
6011970000 -126362.128137589
6018785000 -126902.309569359
6025601000 -125437.397707939
6032416000 -124989.829440117
6046042000 -126157.928202629
6052852000 -125784.802444458
6059662000 -126417.792403221
6066483000 -124933.559438705
6073300000 -125500.30878067
6080114000 -126106.818833351
6086922000 -124786.711233139
6093735000 -125416.670712471
6100551000 -126019.126965523
6107369000 -125605.295294762
6114180000 -126276.037906647
6120994000 -124919.281787872
6134610000 -124358.581680298
6141420000 -125064.994372368
6148233000 -124743.917313576
6155042000 -125473.765059471
6161865000 -124052.926365852
6168682000 -124705.421513557
6175494000 -124420.036093712
6182309000 -124107.177997589
6189120000 -124845.230322838
6195944000 -124443.858251572
6202755000 -122194.157280922
6209573000 -123872.217686653
6216386000 -121612.372359276
6223199000 -123358.648139
6230014000 -121088.662949562
6236830000 -120813.612322807
6244030000 -121248.029697418
6250851000 -120929.635770798
6257674000 -120595.002552986
6264490000 -120344.813860893
6271302000 -119145.494038582
6278111000 -118985.847611427
6284930000 -117720.477138519
6291722000 -114763.176818848
6298531000 -115621.865870476
6305342000 -112464.306634903
6312157000 -112268.144088745
6318972000 -111078.106244087
6325805000 -109692.981777191
6332614000 -110582.274555206
6339424000 -110466.504645348
6346234000 -110356.850452423
6353049000 -111197.43791008
6359862000 -110066.497898102
6366680000 -110885.813914299
6373490000 -109800.636959076
6380357000 -111084.816436768
6387151000 -110190.647140503
6393971000 -112012.159986496
6400788000 -111873.312074661
6407602000 -111774.095315933
6414410000 -111748.001786232
6421227000 -111627.527976036
6428046000 -111490.85261631
6434868000 -111326.817079544
6441693000 -110135.429461479
6448519000 -110939.02230835
6455327000 -110949.663479805
6462132000 -109999.898057938
6468945000 -108966.963137627
6475759000 -109928.990692139
6482568000 -109952.929813385
6489381000 -109938.355517387
6496187000 -110007.993884087
6503019000 -108793.709802628
6509843000 -110674.814101219
6516663000 -110606.672236443
6523488000 -108488.902376175
6530311000 -107399.57807827
6537127000 -105394.446633339
6543928000 -105562.686291695
6550741000 -104603.240589142
6557556000 -104627.620305061
6564373000 -104635.830830574
6571193000 -103616.731514931
6578010000 -104637.201331139
6584842000 -103496.635739326
6591654000 -102585.092370033
6598476000 -100568.243822098
6605293000 -100613.240308762
6612130000 -101441.552117348
6618946000 -100509.962924004
6625760000 -101606.777929306
6632569000 -99765.4055967331
6639383000 -99874.4619159698
6646195000 -99011.9134492874
6653008000 -98144.3490362167
6659811000 -95394.2493181229
6666651000 -94238.3147315979
6673470000 -93322.3335590363
6680285000 -92457.0109176636
6687103000 -90564.4206943512
6693923000 -89655.700843811
6700747000 -88708.5988388062
6707564000 -86845.5341539383
6714389000 -86899.5804634094
6721206000 -84048.7795639038
6728026000 -83170.7308683395
6734837000 -82398.936050415
6748449000 -81984.9256544113
6755264000 -80186.9873065948
6762085000 -81328.4484214783
6768901000 -80531.6448936462
6775718000 -77729.8487892151
6782527000 -78023.1263914108
6789340000 -78278.0488014221
6796150000 -76572.4414567947
6802968000 -73784.0259771347
6809783000 -74035.0843391418
6823415000 -70533.3495941162
6830229000 -68813.8957424164
6837034000 -67200.5636873245
6843847000 -65504.4576463699
6850665000 -62758.9267539978
6857483000 -63019.5259542465
6864303000 -61264.0404653549
6871128000 -60459.1562023163
6877941000 -59793.6817493439
6884757000 -59101.0143165588
6891576000 -58381.1619920731
6898386000 -56767.367638588
6905199000 -56126.3830032349
6912012000 -56491.5194749832
6918822000 -54896.077662468
6925640000 -54217.9571294785
6932456000 -52568.1635017395
6939267000 -51979.9839057922
6946087000 -50298.0523481369
6952900000 -49699.9244451523
6959711000 -50130.1072702408
6966515000 -47644.0650024414
6973328000 -48064.2905349731
6980141000 -46490.63717556
6986947000 -45000.7434558868
6993763000 -45406.0550575256
7000572000 -43895.1191129684
7007376000 -42445.7397165298
7014188000 -40913.7642431259
7021029000 -41066.3930015564
7027839000 -40568.8538541794
7034649000 -40077.4304227829
7041467000 -39503.4504671097
7048284000 -37946.6837358475
7055097000 -37440.3742303848
7061912000 -37918.0231637955
7068728000 -37390.7163639069
7075550000 -36803.0588474274
7082364000 -36310.1677103043
7089176000 -34845.5549535751
7095991000 -35353.8309860229
7102803000 -31901.4595432281
7109619000 -34410.9072399139
7116427000 -32015.0745887756
7123238000 -32592.1343231201
7130058000 -32075.6604404449
7136877000 -31576.3916978836
7143688000 -30171.8192405701
7150502000 -30740.1553449631
7157311000 -30369.958114624
7164119000 -31016.9426622391
7177777000 -29864.4737386703
7184592000 -30452.3762779236
7191398000 -30145.9818344116
7198208000 -30801.4424858093
7205021000 -30429.8314685822
7211836000 -30042.2184324265
7218646000 -30716.0334196091
7225454000 -30418.0836582184
7232273000 -31004.5984687805
7239086000 -28663.5929851532
7245905000 -30262.366186142
7252718000 -29933.6083068848
7259529000 -28633.0820808411
7266341000 -28327.6189937592
7279964000 -26746.1033267975
7286787000 -26337.4287958145
7293598000 -26067.5027122498
7300417000 -26715.2950849533
7307233000 -28402.3662986755
7314042000 -26172.900601387
7320855000 -28905.3600788116
7327676000 -29555.5703639984
7334485000 -29344.4607973099
7341299000 -30084.2426977158
7348111000 -28852.2346858978
7354928000 -29571.1325178146
7361738000 -29373.4512071609
7368559000 -31060.4357566833
7375419000 -29322.9960546494
7382244000 -30978.1303005219
7389058000 -29760.8273410797
7395897000 -31273.7149858475
7402717000 -31002.4619503021
7409540000 -30704.2361326218
7416356000 -31489.3915462494
7423177000 -31225.504992485
7429958000 -30409.0657682419
7436791000 -33025.0314359665
7443619000 -33702.3091840744
7450446000 -33396.7651185989
7457274000 -34086.3381462097
7464047000 -33388.6157398224
7470876000 -34079.4080219269
7477664000 -34228.4368896484
7484463000 -33262.2602977753
7491285000 -35048.611287117
7498106000 -35852.1233778
7504926000 -36672.7938709259
7511740000 -36565.7301368713
7518558000 -38420.7048454285
7525376000 -38281.8096485138
7532199000 -38093.9479656219
7545816000 -39056.149895668
7552638000 -40897.6960058212
7559505000 -41249.6721000671
7566329000 -41081.5036430359
7573155000 -41897.4482440948
7579988000 -41642.4462337494
7586804000 -43580.8072566986
7600430000 -46541.970703125
7607251000 -46443.6587352753
7614073000 -48340.473736763
7620890000 -47298.4641265869
7627709000 -49240.5693712234
7634522000 -49254.8414402008
7641306000 -50594.3774623871
7654889000 -54126.6097698212
7661710000 -55077.2836771011
7668530000 -53045.0944128036
7675361000 -56898.0340280533
7682192000 -57757.1271352768
7688973000 -59172.3056583405
7695731000 -58846.4961500168
7702526000 -58119.8256139755
7709349000 -60091.3570985794
7716177000 -60014.0523986816
7723010000 -59887.9250221252
7729835000 -60855.9007635117
7736665000 -62775.0574293137
7743498000 -63667.3914318085
7750324000 -64642.8163881302
7757149000 -64635.3754835129
7763971000 -63667.0435199738
7770721000 -65495.97453022
7777493000 -66089.2006292343
7784321000 -67073.2543697357
7791153000 -68019.5155315399
7797981000 -68015.869052887
7804800000 -68117.2209663391
7811621000 -67202.7398357391
7818452000 -68184.5785179138
7825272000 -69293.3580312729
7832102000 -68298.4735584259
7845688000 -70139.529507637
7852432000 -70107.0623722076
7859235000 -71432.9976110458
7866027000 -70885.7642173767
7872811000 -72432.4094390869
7879590000 -73039.9912910461
7886360000 -73752.3868083954
7893167000 -74064.8728942871
7899963000 -73504.1482992172
7906741000 -75146.9729166031
7913525000 -73730.0417318344
7920300000 -75417.8928747177
7927098000 -76859.550485611
7933887000 -77405.999373436
7940658000 -78155.9044237137
7947450000 -77681.5996437073
7954251000 -80114.7053565979
7961001000 -79113.0116710663
7967778000 -79821.3557357788
7974549000 -80601.5222806931
7981334000 -82234.2934589386
7988125000 -79807.3803796768
7994924000 -80298.8825731277
8001722000 -81807.4381418228
8008532000 -80190.6098737717
8015337000 -80634.6753387451
8022138000 -81128.6663684845
8028932000 -79705.4336328506
8035733000 -81211.6175117493
8042503000 -81063.4135379791
8049293000 -79702.2311134338
8056059000 -79609.93409729
8062836000 -81403.2312812805
8069640000 -81906.977063179
8076417000 -81712.4115571976
8083199000 -81469.1693668365
8089978000 -81264.8299875259
8096768000 -82946.1572504044
8103558000 -81633.5643615723
8110312000 -82721.002073288
8117085000 -84606.5537834167
8123867000 -85399.6833076477
8130688000 -85772.2029809952
8137473000 -85544.6799526215
8144285000 -87027.8856086731
8151052000 -86009.4072265625
8157879000 -85340.758972168
8164693000 -85820.4237918854
8171514000 -86229.6664571762
8178330000 -87699.7151565552
8185146000 -86175.8903541565
8191962000 -85658.1920509338
8198778000 -85146.6202459335
8205593000 -83652.1054544449
8212376000 -84513.4631175995
8219145000 -82533.8902626038
8225965000 -83003.0403347015
8232787000 -82456.4702425003
8239546000 -79604.3774766922
8246303000 -79780.1594610214
8253063000 -78929.189576149
8259810000 -79226.2496576309
8266630000 -78731.9725399017
8273454000 -79200.1428527832
8280275000 -76707.2160491943
8287101000 -76165.8259096146
8293925000 -76652.4179868698
8300731000 -76341.6743555069
8307487000 -74582.8929395676
8314292000 -75295.2376804352
8321109000 -73882.7057847977
8327930000 -74432.644659996
8334713000 -73403.4314212799
8341478000 -71576.712179184
8348241000 -71777.8515033722
8355066000 -71308.5524044037
8361902000 -70725.3870735168
8368729000 -71246.5652484894
8375556000 -70773.889714241
8382375000 -70394.6180753708
8389207000 -68879.6964130402
8396039000 -68370.9300451279
8402919000 -68344.9031991959
8409732000 -67055.6589241028
8416559000 -65619.8980350494
8423378000 -64277.4977855682
8430178000 -64148.3464546204
8436931000 -62537.5930709839
8443784000 -62842.9424791336
8450597000 -61590.4131650925
8457395000 -62507.4645662308
8464193000 -60430.6101503372
8470967000 -61621.3423233032
8477735000 -59883.493478775
8484490000 -60293.3036928177
8491277000 -59360.5602865219
8498084000 -59216.052479744
8504862000 -57393.4953594208
8511655000 -57413.6443080902
8518460000 -56309.207403183
8525270000 -57156.4354486465
8532084000 -55966.2293758392
8538897000 -56793.0327682495
8545692000 -56821.8992023468
8552482000 -55911.2782850266
8559274000 -55984.9694700241
8566079000 -56923.2653875351
8572886000 -55845.9038877487
8579647000 -58275.187163353
8586454000 -57210.0050325394
8593255000 -56216.2095813751
8600055000 -56239.3921890259
8606861000 -56203.4069766998
8613671000 -56130.0234985352
8620483000 -56041.0041351318
8627304000 -55860.2299585342
8634114000 -56805.2053070068
8640923000 -56767.1694793701
8647723000 -55833.0974502563
8654498000 -56176.9060459137
8661304000 -54189.7846250534
8668100000 -55317.4669542313
8674914000 -54255.604637146
8681721000 -55275.9393005371
8688523000 -53356.7184352875
8695341000 -55269.7440376282
8702145000 -54341.010175705
8708945000 -53461.8377990723
8715769000 -52328.0454921722
8722584000 -53298.1551055908
8729385000 -52426.4495697021
8736193000 -52484.8197956085
8743023000 -52310.389995575
8749842000 -51261.5580482483
8756676000 -51055.9903564453
8763492000 -50052.0065097809
8770305000 -50086.717294693
8777125000 -50051.563167572
8783940000 -50076.8139629364
8790760000 -50053.9227237701
8797569000 -50156.5421028137
8804383000 -49211.0176525116
8811199000 -49249.9148025513
8817980000 -48674.6798686981
8824800000 -47682.4031238556
8831613000 -46772.1957817078
8838434000 -45781.333065033
8845252000 -45829.1443195343
8852002000 -47620.5637607574
8858793000 -46973.3721446991
8865581000 -47364.7926044464
8872356000 -46903.2429428101
8879155000 -45187.5457038879
8885979000 -45206.9246501923
8892792000 -46351.6832847595
8899599000 -45567.5969848633
8906406000 -43789.6210174561
8913232000 -43811.8486289978
8920039000 -43046.110376358
8926856000 -42178.1284542084
8933671000 -40337.9438266754
8940540000 -40918.8695869446
8947355000 -39090.9828948975
8954139000 -37605.006685257
8960931000 -38038.4523334503
8967751000 -37174.7411785126
8974539000 -36663.6952114105
8981315000 -35288.6641139984
8988131000 -34486.5949554443
8994975000 -35387.5125865936
9001795000 -33554.4195232391
9008615000 -33727.4601516724
9015415000 -33123.1088657379
9022213000 -32546.5009975433
9029020000 -31878.589963913
9035837000 -32108.5789756775
9042650000 -33387.9768009186
9049471000 -32586.9418907166
9056280000 -30921.862443924
9063104000 -31100.6354236603
9070314000 -30110.3776855469
9077130000 -29388.3044567108
9083950000 -27629.0989933014
9090771000 -27865.2134361267
9097586000 -27172.3406772614
9104395000 -27550.4645366669
9111212000 -26848.2136135101
9118019000 -25260.1928806305
9124792000 -26045.7985038757
9131590000 -25567.2435131073
9138381000 -27170.4352378845
9145526000 -24954.1770629883
9152333000 -26396.9584255219
9159165000 -26575.73097229
9166001000 -25717.443359375
9172840000 -25832.9093666077
9179679000 -23954.5432910919
9186519000 -26071.5439720154
9193362000 -25162.3136081696
9200203000 -25280.8570823669
9207037000 -25481.161233902
9213879000 -24601.2438907623
9227933000 -26865.5127334595
9234828000 -24432.3253440857
9241696000 -26296.8420238495
9248532000 -24512.9543094635
9255369000 -26724.4370193481
9262208000 -25920.5016880035
9269015000 -24468.023103714
9275801000 -26248.2318706512
9282632000 -25549.0314807892
9289452000 -25974.6479892731
9296273000 -27395.6115055084
9303091000 -26855.0678634644
9309915000 -27255.9450092316
9316735000 -26706.0989818573
9323560000 -27108.4712181091
9330393000 -26430.7286663055
9337224000 -25780.7057762146
9344040000 -25298.5421333313
9350860000 -26779.387046814
9357672000 -26352.5943412781
9364489000 -24878.0325050354
9371310000 -25366.4918117523
9378126000 -25914.9660549164
9384946000 -24426.466835022
9391769000 -23911.7790355682
9398578000 -25554.0550041199
9405402000 -24040.8604927063
9412220000 -25598.4352264404
9419032000 -25226.7630233765
9425854000 -26753.514169693
9432669000 -26361.7834777832
9439488000 -25933.1062984467
9446303000 -27553.6286048889
9453126000 -27094.1476154327
9459948000 -27651.5708141327
9466773000 -26182.8387050629
9473605000 -26644.9061889648
9480434000 -27145.4161643982
9487249000 -25802.7370052338
9494068000 -26423.1401443481
9500889000 -27028.1557788849
9507713000 -26607.0304965973
9514557000 -27976.8881187439
9521383000 -27546.548620224
9528211000 -26100.8414115906
9535036000 -28693.5478858948
9541875000 -27141.8368988037
9548699000 -26757.594745636
9555521000 -26400.9984722137
9562347000 -28007.5331058502
9569173000 -27620.2122249603
9575990000 -26335.7840003967
9582808000 -28046.7351722717
9589612000 -27914.288433075
9596436000 -27573.0046024323
9603268000 -28151.8920593262
9610076000 -26994.822013855
9616867000 -27026.5189819336
9623696000 -26656.0442810059
9630529000 -28248.749048233
9637359000 -27879.8360271454
9644181000 -28603.001127243
9651006000 -29300.0838031769
9657853000 -30767.0511074066
9664670000 -30562.3437747955
9671460000 -30653.6692733765
9678256000 -31686.6567573547
9685074000 -31489.5557498932
9692281000 -32122.869474411
9699086000 -34077.9147262573
9705902000 -32921.007396698
9712725000 -34695.1042041779
9719562000 -35325.108001709
9726394000 -35014.9259147644
9733208000 -35904.0222568512
9740027000 -36745.6006755829
9746878000 -37250.03855896
9753706000 -38007.3722858429
9760530000 -37813.755947113
9767353000 -37637.0050544739
9774178000 -37444.945930481
9781000000 -39291.1977787018
9787806000 -39315.136724472
9794595000 -40527.4406547546
9801340000 -41217.5060062408
9808087000 -41892.1325035095
9814862000 -42272.6497440338
9821678000 -42219.806602478
9828480000 -42323.1209487915
9835287000 -43378.9586391449
9842105000 -43323.0449123383
9848918000 -45326.8303012848
9855738000 -45261.7464561462
9862556000 -45224.2203140259
9869364000 -47299.9353504181
9876189000 -47199.6889419556
9883000000 -49255.5155582428
9889815000 -50274.6260375977
9896649000 -50096.4184913635
9903467000 -50095.6756153107
9910226000 -49732.7000980377
9917038000 -49808.3932914734
9923851000 -49879.5018730164
9930649000 -50117.2769508362
9937436000 -49478.8696556091
9944234000 -51728.8232383728
9951053000 -51760.1639137268
9957882000 -51690.6421165466
9964699000 -49755.6526412964
9971516000 -47826.7914619446
9978301000 -48246.3542900085
9985113000 -47383.2001609802
9991942000 -46344.3512687683
9998763000 -47397.2046222687
10005582000 -46477.5797576904
10012391000 -45671.0092544556
10019217000 -46688.7997455597
10026028000 -45873.0914516449
10032853000 -44913.8469676971
10039672000 -46024.8770675659
10046505000 -44992.41056633
10053313000 -44233.272397995
10060135000 -43330.6430225372
10066957000 -43434.1509342194
10073739000 -41971.1623268127
10087374000 -40304.9338588715
10094180000 -40603.8502216339
10101001000 -39748.6666679382
10107820000 -38920.977930069
10114626000 -38238.2450256348
10121375000 -37170.2593536377
10128114000 -36215.0501880646
10135246000 -34070.1334648132
10141993000 -35041.8500137329
10148789000 -33496.5307292938
10155611000 -32679.7946166992
10162421000 -31997.2653369904
10169239000 -31235.479259491
10176060000 -30447.8112850189
10182886000 -28612.9299793243
10189698000 -27933.5572681427
10196521000 -27142.9562339783
10203346000 -26337.1601581573
10210169000 -25558.839099884
10216989000 -23818.6529312134
10223816000 -25009.9498882294
10230635000 -25292.7008647919
10237463000 -28485.6206283569
10244284000 -27759.3201503754
10251112000 -29964.5297908783
10257943000 -29143.9079208374
10264778000 -30286.8036842346
10271602000 -30553.0988578796
10278427000 -31814.8777523041
10285255000 -32050.8305435181
10292074000 -32388.8297042847
10298896000 -34700.9973621368
10305698000 -36232.3736495972
10312522000 -38535.4925556183
10319325000 -37068.4395217896
10326142000 -37458.3774108887
10332983000 -35598.8442687988
10339784000 -35171.4454860687
10346609000 -34494.5900630951
10353430000 -34866.466424942
10360252000 -33233.8318996429
10367082000 -32522.170873642
10373903000 -31912.4626998901
10380724000 -32308.8900165558
10387546000 -29700.8100509644
10394327000 -30535.1843738556
10401152000 -29907.4191570282
10407976000 -27296.4367103577
10414805000 -27638.3992481232
10421623000 -27103.5327625275
10435159000 -25115.8390350342
10441953000 -22854.5272903442
10448796000 -21078.202205658
10455618000 -19531.3619861603
10462445000 -17937.4945659637
10469270000 -16371.0374298096
10476088000 -15885.1406707764
10482915000 -14309.7022132874
10489738000 -12782.9272384644
10496610000 -11741.499961853
10503765000 -11698.7269229889
10510587000 -11201.3385734558
10517404000 -8763.21576499939
10524221000 -9331.22125434875
10537898000 -6028.83024215698
10544718000 -7583.39312744141
10551534000 -7186.57430458069
10558357000 -7721.54022789001
10565194000 -7113.97435188293
10572019000 -8639.99415206909
10578844000 -8172.15664100647
10585673000 -8667.99522399902
10592494000 -8254.90968132019
10599324000 -8752.4259967804
10606155000 -9245.4800567627
10612983000 -11776.5267486572
10619807000 -9356.17011451721
10626637000 -12878.2868919373
10633464000 -12438.3863983154
10640295000 -13962.1944141388
10647130000 -14449.7217483521
10653954000 -16060.0938549042
10660783000 -14623.5731334686
10667633000 -16970.4796466827
10674466000 -16503.8578643799
10681303000 -18000.9770317078
10688141000 -17493.6573696136
10694979000 -17992.5038223267
10701810000 -19571.7257099152
10708645000 -20114.6993637085
10715474000 -19727.4309024811
10722285000 -22537.087688446
10729120000 -22098.5164108276
10735944000 -21782.6709651947
10742780000 -21345.815246582
10749618000 -21893.9319763184
10756441000 -22607.1267223358
10763273000 -24231.121509552
10770105000 -23861.2715911865
10776952000 -25338.7056064606
10783789000 -26928.2271823883
10790619000 -27598.0404109955
10797462000 -29136.3519802094
10804280000 -29945.5341243744
10811111000 -31623.2164096832
10817948000 -31243.5360851288
10824790000 -32817.094493866
10831629000 -35428.5788669586
10845291000 -36839.3699207306
10852123000 -38543.4141788483
10858922000 -40602.7739105225
10865761000 -41245.0410404205
10872584000 -41062.7370624542
10879417000 -42780.7930545807
10886243000 -44579.0452194214
10893066000 -45415.1702041626
10899894000 -46204.5582237244
10906719000 -48031.8172626495
10913541000 -48896.9392223358
10920369000 -49704.7634067535
10927195000 -51539.878900528
10934019000 -51402.2803058624
10940846000 -52239.1131649017
10947667000 -53145.505777359
10954498000 -52952.3537731171
10961316000 -52902.7276935577
10968138000 -52816.9668598175
10974964000 -51695.0820732117
10981800000 -51473.6976737976
10988643000 -52184.5312252045
10995472000 -52049.416387558
11002298000 -50952.1365604401
11009119000 -51913.8052520752
11015936000 -51923.8490657806
11022749000 -50982.2572116852
11029573000 -49930.6472530365
11036394000 -48916.849811554
11043218000 -47877.5189285278
11050048000 -46780.9964752197
11056878000 -45690.6257152557
11063708000 -45606.4066467285
11070531000 -44602.2082252502
11077352000 -43625.2525081635
11084177000 -41612.2286472321
11090992000 -40710.847568512
11097828000 -40594.059879303
11104665000 -39472.8864917755
11111488000 -39505.5396957397
11118314000 -39512.6927700043
11125144000 -39483.8083057404
11131977000 -39429.4417171478
11138804000 -39444.4944534302
11145631000 -39465.6934776306
11152454000 -40535.2064094543
11159289000 -41484.3663806915
11166113000 -40555.6281833649
11172891000 -40117.8343906403
11179666000 -39717.713924408
11186479000 -40923.2244930267
11193251000 -41566.8535823822
11199982000 -39648.4913463593
11206791000 -39914.3936843872
11213524000 -38986.9822769165
11220274000 -37886.4887084961
11227037000 -35655.0866508484
11233832000 -36092.7185649872
11241011000 -36492.8224887848
11247773000 -36290.4440898895
11254586000 -36557.1450634003
11261410000 -36714.1642303467
11268232000 -37898.3775615692
11275050000 -37130.8311309814
11281867000 -37379.9396343231
11288684000 -37635.1764354706
11295493000 -37980.7258625031
11302318000 -38164.0349235535
11309136000 -38427.1353683472
11315963000 -38601.6828212738
11322777000 -37919.129322052
11329600000 -38148.0318241119
11336408000 -39540.838098526
11343238000 -39708.3880558014
11350047000 -40102.9224853516
11356869000 -40366.8764953613
11363680000 -39752.6223392487
11370878000 -39075.9057693481
11377701000 -38348.0878105164
11384539000 -38468.7394371033
11391374000 -36627.0883674622
11398190000 -37991.2784633636
11404997000 -38456.1724643707
11411800000 -35969.2076148987
11418629000 -34215.1689682007
11425461000 -34435.7625045776
11432276000 -33841.0963878632
11439098000 -34179.0262374878
11445927000 -34449.5709438324
11452713000 -34177.8647136688
11459511000 -32786.2142066956
11466332000 -32159.1460475922
11473154000 -32527.7137641907
11479968000 -31986.4084854126
11486787000 -31398.7370300293
11493629000 -31575.7684230804
11500459000 -31884.9252872467
11507290000 -30189.7387313843
11514116000 -30553.1767253876
11520942000 -30922.7592086792
11527775000 -29225.0393047333
11534610000 -29512.4934768677
11541446000 -27795.6177463531
11548324000 -26644.336971283
11555142000 -26128.6225204468
11561979000 -27419.768037796
11568814000 -26738.0518627167
11575650000 -27052.0102901459
11582471000 -25529.4091739655
11596101000 -25628.4142055511
11602926000 -25082.2787647247
11609766000 -24385.0620231628
11616594000 -22819.7833633423
11623434000 -21134.895236969
11630258000 -20623.8391437531
11637082000 -20118.9239425659
11643910000 -19578.2412452698
11650740000 -20022.7542476654
11657947000 -19524.242395401
11664772000 -20033.7700614929
11671599000 -18528.4935245514
11678425000 -19039.8358230591
11685253000 -20536.3793239594
11692085000 -19997.1879425049
11698909000 -19547.9105911255
11705727000 -20167.5877914429
11712938000 -17679.463766098
11719763000 -19238.4848499298
11726589000 -17793.18242836
11733411000 -18395.8856658936
11740247000 -19858.2247028351
11747067000 -18494.1420974731
11753881000 -17198.968744278
11760705000 -16805.3013534546
11767514000 -17574.6867675781
11774340000 -17172.3678627014
11781170000 -17734.357465744
11787994000 -15365.2473278046
11794812000 -17065.0212516785
11801643000 -15634.9934234619
11808477000 -16179.7529067993
11815300000 -14845.6707134247
11822137000 -14371.3773059845
11828934000 -12321.3559436798
11835751000 -10068.3910007477
11842565000 -9852.90705108643
11849395000 -7476.34602165222
11856219000 -5168.63126945496
11863037000 -3929.74659919739
11869854000 -3707.4393196106
11876674000 -3459.92113685608
11883499000 -3166.30913925171
11890318000 -1941.50743865967
11897132000 -775.05613899231
11903937000 -1708.71298599243
11910756000 -502.289875030518
11917576000 708.442348480225
11924397000 923.480987548828
11931220000 3153.26255226135
11938042000 4366.46672058105
11944864000 4573.53359794617
11951678000 6690.9711151123
11958493000 7812.72133827209
11965311000 9959.65099906921
11972116000 12964.8109855652
11978918000 11932.5654830933
11985733000 12029.8348770142
11992551000 14152.2729301453
11999373000 14310.3017692566
12006193000 14441.3346767426
12013013000 14566.2338943481
12019815000 14497.3040046692
12026639000 15651.6585254669
12033452000 16685.1891822815
12040653000 14757.421831131
12047470000 14820.0571861267
12054293000 14939.1021137238
12061114000 16031.1637954712
12067936000 16127.5111656189
12074757000 16207.3009681702
12081574000 16239.2777614594
12088394000 17296.3817005157
12095218000 18389.02227211
12102034000 20392.1885032654
12108851000 22399.6440219879
12115682000 23546.7796039581
12122500000 25552.3799247742
12129319000 27562.2632350922
12136145000 28638.8999404907
12142967000 29667.7470226288
12149789000 30690.456817627
12156609000 30686.2103500366
12163429000 31675.8301925659
12170253000 31700.9470882416
12177068000 31626.2620201111
12183896000 34680.7287826538
12190720000 33687.4275112152
12197548000 33729.6016960144
12204369000 33692.8054885864
12211570000 34602.7333831787
12218385000 35490.9163589478
12225190000 36268.9702281952
12232005000 36144.9127902985
12238823000 36045.9265785217
12245650000 37034.38996315
12252464000 37881.5480937958
12259293000 38878.5224933624
12266112000 40765.3965644836
12272930000 41635.744594574
12286571000 42410.0121078491
12293388000 43251.5739135742
12300260000 43658.4873924255
12307075000 43466.9638767242
12314285000 44372.8591976166
12321112000 45293.3847980499
12334791000 46375.6468601227
12341608000 48173.8602046967
12348441000 48132.0922718048
12355264000 48980.3343696594
12362086000 48812.0549907684
12368919000 49751.8346862793
12375741000 49571.2708339691
12382562000 50374.1900024414
12389386000 51202.1100444794
12396218000 50106.9123001099
12403043000 50932.9203548431
12409911000 52198.9573421478
12416740000 53054.14204216
12423561000 53820.1826057434
12430406000 52829.0488052368
12437233000 53645.031671524
12444059000 54444.4966716766
12450884000 56227.4465045929
12457705000 55962.7745361328
12464534000 56774.9181060791
12471358000 56529.0718975067
12478180000 58256.3506412506
12485002000 57977.4920978546
12491850000 57961.9934825897
12498665000 57598.2863311768
12505490000 59332.0892562866
12512311000 59018.2991847992
12519133000 58708.7353019714
12526006000 60921.4336528778
12532823000 59547.7499485016
12539639000 61157.5789718628
12546470000 60916.6526088715
12553297000 60628.1440582275
12560129000 60385.2705841064
12566962000 62146.5971832275
12573783000 62777.5130405426
12580623000 61599.0112457275
12587443000 61207.2863616943
12594273000 62912.9454841614
12601106000 63643.5055198669
12607942000 61398.9583568573
12614768000 64044.7580337524
12621599000 63736.154050827
12628409000 63204.1039848328
12635239000 63872.8655662537
12642068000 63525.1299877167
12648897000 64171.2445201874
12655719000 65738.8035011292
12662539000 65279.5396595001
12669360000 65824.4839935303
12676187000 65425.3386421204
12683024000 66123.4476604462
12689851000 66712.0007286072
12696673000 66242.7161827087
12703497000 66787.9690761566
12710373000 66864.5771179199
12717200000 67428.5081157684
12724031000 67027.6314582825
12730863000 68630.9350643158
12737693000 67207.4176616669
12744553000 68087.7071704865
12751392000 69744.8388156891
12758205000 71127.2186603546
12765023000 69555.1236610413
12771850000 70069.8537368774
12778673000 70537.1277198792
12785496000 70998.2626113892
12792328000 72546.1892814636
12799159000 71077.6359043121
12805994000 71644.2244338989
12812837000 73287.2358360291
12819670000 72820.8516597748
12826493000 73245.0989322662
12833325000 72756.0893268585
12840154000 74229.9663925171
12846980000 73666.7382354736
12853806000 74097.3655891418
12860636000 74563.1150302887
12867467000 74033.0285224915
12874300000 74517.4182014465
12881136000 74026.5926055908
12887959000 74395.5349941254
12894797000 74913.0203857422
12901626000 74331.5385284424
12908450000 72692.355091095
12915284000 73150.1251411438
12922109000 72508.9594669342
12928933000 72851.3434658051
12935748000 72094.8259410858
12942580000 71507.3829650879
12949405000 70841.6501369476
12956234000 71210.9907665253
12963072000 69666.9097251892
12969909000 69106.3603401184
12976748000 68560.2493095398
12983590000 68038.8716506958
12990409000 68274.43151474
12997264000 67874.6101016998
13004090000 66169.9578876495
13010918000 65479.7548389435
13017740000 65721.6281490326
13024568000 64019.1343212128
13031398000 63331.0806541443
13045008000 61421.901922226
13051822000 61550.7753295898
13058644000 58755.8500938416
13065456000 57851.8912410736
13072271000 59972.6792812347
13079057000 58788.9953289032
13085883000 55010.7163715363
13092709000 52226.2929267883
13099524000 49322.5884552002
13106339000 49412.7592830658
13113158000 50537.9387798309
13119984000 47728.9634857178
13126790000 48708.2128295898
13133586000 46578.5471572876
13140412000 46751.1834049225
13147241000 45948.5117092133
13154078000 47221.9136981964
13160905000 46386.3809223175
13167724000 46462.49269104
13174544000 45542.7478103638
13188187000 46715.6773223877
13195021000 45921.3443450928
13201854000 45110.580821991
13208682000 45242.3064727783
13215510000 45367.8840351105
13222346000 45569.4650630951
13229175000 44693.0072860718
13236004000 44810.3996181488
13242828000 44870.3108482361
13249647000 44872.7544727325
13256519000 44413.0815677643
13263332000 44341.6325149536
13270157000 42387.2140331268
13276989000 42498.4850311279
13283821000 42603.6007328033
13290645000 41620.4816455841
13297465000 42590.1855239868
13304268000 41379.3673381805
13311027000 41711.1271629333
13317829000 41477.8857975006
13324653000 42464.1630573273
13338319000 39602.8606395721
13345140000 39539.9407844543
13351944000 40296.6039505005
13358742000 38985.6564311981
13365570000 38976.1164875031
13372370000 38673.4520263672
13379131000 37965.0074386597
13385884000 39168.555809021
13392661000 37612.0060653687
13399488000 37561.6790790558
13406277000 36115.9077396393
13413105000 36063.5661773682
13419924000 35912.8905296326
13426743000 35756.082988739
13433496000 36917.2313098907
13440283000 35420.532875061
13447106000 35286.375
13453925000 35105.1244163513
13460749000 34968.9294681549
13467565000 34744.7007846832
13474380000 36504.1098957062
13481188000 35185.7506408691
13487980000 34697.5366516113
13494809000 35581.8608226776
13501614000 35214.4643554688
13508435000 35004.6606273651
13515259000 34819.4123630524
13522079000 35587.1055412292
13528903000 36389.5790977478
13535721000 36124.5460605621
13542544000 34904.5165195465
13549361000 35616.9929771423
13556194000 35486.9398517609
13563022000 35299.6095409393
13569835000 34952.7843570709
13576648000 34599.8380699158
13583459000 34220.3280277252
13590273000 33865.3617458344
13597080000 33432.7358760834
13603907000 34198.3722343445
13617517000 32261.6656150818
13624337000 31937.3911952972
13631160000 31637.6281814575
13637986000 32362.3684768677
13644813000 31091.1775169373
13651615000 30558.5319309235
13658424000 31091.2650489807
13665253000 30822.0950088501
13672053000 32250.6955738068
13678862000 29765.0770530701
13685678000 28344.7995166779
13692505000 29030.6718597412
13699333000 29720.6039581299
13706153000 29322.7468261719
13712966000 27847.326292038
13719791000 28488.2247962952
13726614000 28102.5757255554
13733421000 26547.5628242493
13740233000 25037.4428405762
13747054000 25613.0012969971
13753878000 25213.0208110809
13760677000 25551.9506568909
13767465000 26772.616897583
13774257000 25027.991519928
13781074000 24532.1643333435
13787897000 24091.3750305176
13794724000 23685.220495224
13801528000 23038.4906921387
13808348000 22548.7226219177
13815169000 24063.0116271973
13821987000 22540.5955371857
13828810000 22062.9941997528
13835606000 23304.1758766174
13842416000 22681.8874034882
13849231000 23104.4145927429
13856050000 22561.5585823059
13862869000 22012.5706806183
13869687000 21447.2673072815
13876475000 21570.3534297943
13883302000 23084.4528865814
13890098000 21276.7986526489
13896909000 23615.7536525726
13903709000 21836.6211490631
13910539000 20356.7366409302
13917349000 20667.1546230316
13924197000 21358.1597728729
13931013000 21717.3651390076
13937832000 22100.9677810669
13944650000 21468.264837265
13951470000 21849.7773857117
13958280000 21123.4373035431
13965097000 20462.1784763336
13971916000 20815.1315441132
13978728000 21090.7683372498
13985548000 21441.6322154999
13992361000 23715.1906032562
13999179000 24033.4603919983
14006004000 23416.7592964172
14012799000 23488.9744186401
14019634000 24961.6529903412
14026449000 22224.9127864838
14033270000 23543.0199165344
14040083000 21773.7027053833
14046831000 23337.8505516052
14053651000 23627.4647521973
14060438000 23575.717382431
14067250000 22771.833688736
14074074000 24083.7101898193
14080900000 23409.7572498322
14087668000 23140.6797943115
14094478000 23292.0271625519
14101296000 23518.4830970764
14108110000 23698.2003917694
14114930000 21932.7022075653
14121755000 24211.8220157623
14128587000 23555.8451919556
14135397000 23670.4452705383
14142133000 24028.0039348602
14148875000 24440.4596328735
14155710000 24790.4866027832
14162525000 25931.4536876678
14169316000 24822.8385562897
14176523000 24927.688785553
14183351000 25181.7998352051
14190165000 24287.7843933105
14196988000 24478.9097957611
14203814000 24694.314655304
14210638000 24883.297794342
14217466000 24106.6909065247
14224283000 25212.4309616089
14231103000 25342.4504680634
14237913000 26364.9861049652
14244743000 26584.0884113312
14251566000 25726.1065006256
14258396000 28932.9117259979
14265225000 29123.4338436127
14272051000 29277.414522171
14278864000 30293.5656814575
14285689000 30425.1403656006
14292503000 32439.166349411
14299313000 33406.5617427826
14306132000 32458.9756298065
14312947000 32464.7571277618
14319769000 34535.2835006714
14326612000 33812.2623691559
14333435000 35880.6176891327
14340248000 36841.6186923981
14347068000 37867.342962265
14353900000 38008.3702278137
14360720000 38021.816324234
14367519000 37816.6522808075
14374329000 39716.6795940399
14381141000 42630.8234481812
14387971000 41720.9221611023
14394786000 43653.1542263031
