32000 143626.778821765
6887000 143495.902430248
13706000 142124.982063144
20529000 140775.841242682
27350000 139409.213025544
34119000 138697.973355442
40956000 138427.252483018
47790000 136132.488731176
54620000 136807.14729175
61452000 135490.475776076
68283000 135162.852315962
75123000 135889.665698364
81965000 135625.132202893
88774000 135140.439217597
95579000 136625.216277316
102321000 136693.840582833
109076000 137843.128945529
115829000 137975.033926621
129711000 140682.522100836
136463000 141794.720690072
143218000 140922.206142247
149971000 142032.314668208
156722000 143125.05009833
163469000 143187.355597019
170218000 143258.416987181
176968000 144331.701384306
183721000 145420.263710201
190469000 145471.875981748
197218000 147525.710621834
203970000 147594.818724036
210721000 149653.091082305
217473000 149713.580065787
224223000 150756.709992826
230977000 150821.628397286
237729000 151869.187745273
244481000 151912.437214762
251234000 151957.898841321
257985000 152986.006518185
264734000 154996.764074653
271493000 154068.416789651
278248000 155109.672758937
285003000 157146.615019083
291756000 157166.207160652
298506000 159161.935447633
305259000 159172.907193959
312011000 161173.051495254
318763000 163168.885918081
325515000 165160.41046232
332267000 166147.62512815
339021000 168143.557388484
345767000 169083.072430074
352522000 170076.8973943
359280000 172085.944113493
366034000 174064.628560901
372795000 174084.574383438
379626000 176555.891907811
386490000 177237.603375614
393320000 178693.568342626
400181000 179346.869917333
406944000 181358.00489831
413731000 181520.976140678
420558000 182939.833911657
427372000 186269.715540886
434198000 187673.264649391
441026000 188085.417078257
447834000 190363.093085349
454650000 190688.409871817
461471000 193041.845492125
468299000 194436.393303812
475126000 193820.032798171
481947000 195160.264788926
488774000 196535.095841706
495599000 196892.522869468
502432000 198297.532629609
509264000 198691.630842268
516094000 200068.322448671
522934000 201505.567528903
529766000 202886.42402631
536600000 204275.858026445
543437000 205680.360064864
550274000 207080.443028688
557103000 207424.161963344
563931000 209756.979684949
570767000 210137.324585438
577594000 210454.831064582
584419000 212754.950312376
591242000 215037.686199903
598063000 217303.042597413
604885000 218570.489181876
611712000 219865.97584796
618534000 221124.619797111
625358000 222391.837375402
632182000 223654.652668357
639036000 226107.626939774
645856000 227335.679391742
652688000 228637.143725753
659512000 229882.327942848
666334000 231110.144287944
673145000 233262.257289052
679963000 234455.355298638
686781000 235644.058760881
693601000 238841.328107238
700420000 240027.72075665
707241000 242222.675421953
714076000 242503.927601218
720909000 244767.808023095
727746000 246053.182491422
734563000 248204.611039042
741438000 250727.236699224
755479000 254643.127504945
762310000 254867.315438032
769132000 256028.834376454
775940000 258095.339576364
782760000 259235.124559522
789579000 262364.041274667
796410000 263566.208117127
803246000 264796.312890053
810076000 266983.184655905
816900000 267126.835036635
823732000 269317.826443315
830552000 271426.798017979
837387000 272628.371816635
844217000 273793.199242353
851052000 276985.943292856
857875000 279096.694631696
864703000 280235.365177631
871527000 281343.774696112
878361000 283512.409424305
885200000 285708.939469337
892029000 286836.433289289
898857000 287953.057559013
905681000 290039.433716178
912504000 292114.948066831
919332000 293218.355802178
926156000 294291.523167849
932973000 295315.085146785
939797000 297379.45245719
946629000 298491.067847371
953459000 298585.359325171
960282000 299630.055743337
967114000 302728.440397978
973939000 303777.236447334
980762000 304808.7227844
987584000 305829.355702758
994413000 302890.751363397
1001255000 299031.602997065
1008082000 297071.271815896
1014907000 295093.634796977
1021737000 293143.840177417
1028559000 290138.047131896
1035379000 287114.958570838
1042198000 285081.025623441
1049015000 284029.803607583
1055839000 282019.310131907
1062651000 280927.070454717
1069469000 278869.112057209
1076289000 277819.647187591
1083108000 274759.341799021
1089937000 273759.06805253
1096760000 272715.732954502
1103582000 269661.555403948
1110394000 268538.570018291
1117210000 265436.958493471
1124025000 264324.515474319
1130845000 262239.87617588
1137665000 260150.839751244
1144485000 259057.406200647
1151304000 256953.138578176
1158140000 253953.89222765
1164964000 253873.00024724
1171780000 250736.225902796
1178593000 249575.756490231
1185408000 246423.766417742
1192211000 245190.188725948
1199044000 243145.208827972
1205868000 241037.928939581
1212693000 238932.677908421
1219538000 235951.633226871
1226358000 234805.412888288
1233179000 232661.224629164
1240001000 230519.066515446
1246823000 228372.508696318
1253653000 225272.969336748
1267669000 220348.303007841
1274499000 219235.303693533
1288534000 216405.071380615
1295356000 214227.213224649
1302168000 212980.72852993
1308982000 209742.701098919
1315798000 208513.127065659
1322615000 205285.581813812
1329429000 204034.3829844
1343451000 199047.824207783
1350255000 197719.022023439
1357072000 195469.27074194
1363888000 195208.70935297
1370697000 191898.842559814
1377514000 191635.917303085
1384324000 188323.694371223
1391136000 188019.91574502
1397941000 184666.854896545
1404755000 182367.133116961
1411573000 181088.67130971
1418386000 177773.756471395
1425190000 175396.75404954
1432002000 174066.658390045
1438815000 171738.58567977
1445627000 169399.715743542
1452439000 168056.458991528
1459250000 164702.407589197
1466064000 163363.19222784
1472917000 160269.442673922
1479732000 157927.829302311
1486546000 159575.4199965
1493363000 160237.835125446
1500173000 160851.029242277
1506987000 159485.452403307
1513794000 157070.667432308
1520609000 154702.71835041
1534621000 150398.725670576
1541435000 149010.958371639
1548249000 146618.80167985
1555057000 144183.862938643
1561866000 142750.940664291
1568668000 141268.853010654
1575479000 137839.963027954
1582294000 136432.272324085
1589103000 133981.817593336
1595929000 133635.693437338
1602743000 131208.433200836
1609548000 128719.240949631
1616363000 127289.600706339
1623177000 124849.17744565
1629988000 123385.18971467
1636798000 120910.425405979
1643613000 119463.228881836
1650428000 117011.641676426
1657249000 115593.998485565
1664069000 114165.568408489
1670887000 112719.965552568
1677695000 110206.096327066
1684509000 107726.16466856
1691328000 105273.773088455
1698184000 104053.239829063
1704996000 102547.340513706
1711811000 100056.206254959
1718642000 97662.8143150806
1725459000 95175.6537208557
1732274000 92671.3358223438
1739085000 91137.1017272472
1745886000 88534.6747469902
1752699000 85004.4362182617
1759509000 83450.6712412834
1766319000 81892.5220234394
1773132000 79349.1230466366
1779946000 76807.7134816647
1786761000 74268.2913966179
1793573000 71705.3499467373
1800386000 71144.397264719
1807200000 67585.4314181805
1814007000 65977.4561076164
1820818000 63390.5950288773
1827631000 60812.0944383144
1834443000 59222.8333790302
1841254000 56622.8137836456
1848086000 54152.2012453079
1854904000 51587.9900836945
1861726000 47044.863515377
1868543000 44465.4915399551
1875353000 40837.1468310356
1882171000 39255.3607022762
1888983000 36630.9767782688
1895796000 34008.5726020336
1902608000 31375.4144017696
1909431000 27807.8874177933
1916252000 25223.2301781178
1923071000 24621.4465515614
1929885000 26983.4503822327
1936707000 27391.9663958549
1943520000 28738.8242354393
1950340000 30125.8238275051
1957161000 31514.7870566845
1963975000 32854.8310408592
1970789000 34190.4856328964
1977621000 34636.2097644806
1984441000 35001.2230818272
1991257000 36336.4091155529
1998067000 36629.0618062019
2012071000 37641.7610588074
2018888000 38965.4983050823
2025706000 39291.1965761185
2032527000 39631.5612142086
2039343000 41935.7624695301
2046154000 42203.8100073338
2052968000 43486.5271339417
2059785000 44783.908052206
2073802000 47797.4459707737
2087807000 48716.2287428379
2094618000 48953.0708415508
2101454000 49344.2054903507
2108272000 51616.6857793331
2115088000 51872.0798549652
2121902000 53110.3915834427
2128716000 52344.3139193058
2135523000 54529.4395568371
2142337000 51754.5876166821
2149166000 48070.4854664803
2155978000 44274.1611442566
2170007000 36236.3194885254
2176826000 32470.9538822174
2183644000 29694.8530879021
2190464000 24927.0351605415
2204467000 11678.6843538284
2211284000 2878.43079090118
2218103000 -2913.54384088516
2224918000 -9735.25610923767
2231736000 -15542.3546414375
2238542000 -17429.8576593399
2245358000 -21258.4045872688
2252176000 -22078.6777377129
2258984000 -25966.6677269936
2265789000 -27878.0341410637
2272597000 -30774.785531044
2279417000 -32599.9550051689
2286235000 -35442.180911541
2293060000 -38244.4983057976
2299870000 -40146.1447315216
2306681000 -44045.847676754
2313494000 -44937.2819976807
2320312000 -49801.4722619057
2327119000 -50739.6407403946
2333925000 -54688.5147418976
2340737000 -56603.8208284378
2347557000 -59472.9228777885
2354374000 -63365.39168787
2361188000 -65281.2214589119
2368007000 -68169.8310070038
2374832000 -70024.9087233543
2381645000 -73960.2376122475
2388458000 -76899.9546060562
2395267000 -78869.3370857239
2402083000 -83798.8716068268
2416100000 -89238.9196400642
2422920000 -91156.6112213135
2429731000 -93135.5447144508
2436548000 -96080.9710745811
2443370000 -98999.2167000771
2450185000 -100966.061107159
2457000000 -102937.296195507
2463816000 -105906.609098911
2477824000 -109485.264636993
2484643000 -113449.063039303
2491456000 -115455.118791103
2498271000 -118452.943430901
2505090000 -120429.922896862
2511910000 -124404.989880085
2518714000 -126485.376786709
2525529000 -129500.762861729
2532349000 -131489.007683754
2539167000 -134494.261115551
2545983000 -135516.51928997
2552795000 -140568.387247562
2559619000 -141548.996312141
2566434000 -145590.736136913
2573258000 -148580.143965721
2580089000 -150529.840964317
2586905000 -153578.467709064
2593724000 -155612.584670544
2600561000 -158537.698567867
2607329000 -162901.882893085
2614143000 -163980.659359932
2620958000 -168057.527209759
2627774000 -170132.488374233
2634591000 -173205.544787884
2641409000 -175276.698383331
2648229000 -178339.655663013
2655066000 -180299.99870348
2661872000 -182459.879173279
2668685000 -184580.084247589
2675511000 -187622.870334625
2682319000 -190783.321033478
2689126000 -193954.444964409
2695940000 -197085.912822723
2702749000 -198253.221459389
2709566000 -197374.595982075
2716383000 -196500.363762856
2723205000 -194599.083082676
2730020000 -195746.216001511
2736833000 -193910.313711166
2743644000 -193091.372348785
2750456000 -192270.530746937
2757281000 -192372.369363308
2764092000 -191566.594244003
2770905000 -189752.636983871
2777728000 -188880.23593092
2784536000 -187106.474047661
2791351000 -187293.120517731
2798168000 -186471.595154762
2804981000 -185679.585501194
2811795000 -185885.683983326
2818602000 -183140.127131462
2825414000 -182367.557251453
2832230000 -181574.262039661
2839043000 -179804.190974712
2845862000 -180000.847523689
2852674000 -179245.832636356
2859489000 -177476.378185272
2866308000 -177686.21515274
2873118000 -176956.915496349
2879933000 -176200.632443905
2886749000 -175442.467189312
2893563000 -175701.238380909
2900378000 -174958.127371311
2907191000 -175231.948942661
2914006000 -173497.618006706
2920828000 -173723.790121078
2927641000 -172010.783089638
2934460000 -172264.553927422
2941280000 -171516.452873707
2948087000 -169854.221032143
2954911000 -169089.840091705
2961721000 -169417.582560539
2968533000 -168737.178967953
2975347000 -168048.63317728
2982167000 -167326.893603325
2988981000 -166647.130461693
2995792000 -164990.544435978
3002605000 -166325.820077896
3009415000 -164684.267682552
3016254000 -162865.540932655
3023066000 -163220.255696774
3029881000 -161560.579221725
3036697000 -161899.034720421
3043511000 -160254.398314953
3050329000 -160589.121627331
3057143000 -159953.266582966
3063952000 -158353.0815835
3070763000 -157744.768563747
3077576000 -158128.331386566
3084384000 -157547.55330801
3091197000 -157939.889119148
3098014000 -157311.601391315
3112028000 -156692.596321583
3118837000 -156127.740795135
3125642000 -154592.269416809
3132452000 -155029.927567005
3139265000 -153453.222925186
3146076000 -151893.403121948
3152894000 -152294.234786987
3159709000 -152718.202234268
3166530000 -151109.081760883
3173351000 -150504.359703064
3180160000 -149978.977791309
3186974000 -149426.756327629
3193789000 -149872.680400848
3200606000 -149310.508731365
3207423000 -147752.730319977
3214234000 -147236.7967062
3221051000 -146687.800944805
3227857000 -145211.84542799
3234688000 -145584.269227505
3241501000 -145073.412557125
3248312000 -144579.421394348
3255114000 -145145.958285809
3261926000 -142654.494969845
3268730000 -142217.31264019
3282735000 -139880.597377777
3289546000 -138413.156335831
3296358000 -137943.866662979
3303171000 -137472.73029089
3309996000 -135931.187570095
3316820000 -136400.280650616
3323629000 -133967.24973011
3330445000 -134494.985199928
3337259000 -133039.573225498
3344074000 -132582.320994854
3350884000 -132160.604468822
3357700000 -130705.902017593
3364523000 -130211.997524261
3371333000 -129803.445952415
3378147000 -128374.372909546
3384966000 -127918.560342789
3391784000 -127473.368751049
3398597000 -127063.694178104
3405415000 -126627.288458824
3412225000 -126245.062932014
3419052000 -125761.438101292
3425879000 -125282.219427109
3432694000 -124882.06215477
3439503000 -124523.619326115
3446352000 -123920.760181904
3453162000 -123564.889671326
3459978000 -122176.091249943
3466785000 -122847.647227764
3473587000 -121554.670608521
3480404000 -120172.816514969
3494454000 -118836.660032749
3501269000 -118480.683383942
3508078000 -117166.38228178
3514893000 -115819.183128834
3521704000 -116501.226082325
3528511000 -114212.503414154
3535321000 -113909.526416779
3542157000 -113449.44963789
3548975000 -112105.575631618
3555793000 -111766.096173763
3562611000 -110431.011263371
3569430000 -110094.112555504
3576251000 -109749.194284916
3583066000 -108445.916760445
3589879000 -108159.442739487
3596692000 -106877.356822014
3603517000 -106525.197538376
3610342000 -106177.441831112
3617158000 -104889.924187183
3623960000 -104693.643154621
3630777000 -103408.697883606
3637595000 -103121.94397068
3651606000 -100236.397213459
3658424000 -101963.068649292
3665233000 -99749.9282169342
3672046000 -100516.376162529
3678859000 -100287.212213039
3685675000 -101043.844302177
3692491000 -99804.8683609962
3699303000 -99595.068655014
3706110000 -99420.6328802109
3712937000 -98126.6819095612
3719752000 -98911.466691494
3726565000 -97713.029132843
3733371000 -97562.32959795
3740209000 -97217.8587207794
3747031000 -95976.8730726242
3753843000 -95802.1962313652
3760651000 -95656.6672744751
3767472000 -95435.0548858643
3774277000 -94316.8645634651
3781094000 -93128.7920260429
3787912000 -92938.9250574112
3794720000 -91815.3230934143
3801543000 -91603.30676651
3808362000 -91420.4344601631
3815178000 -90260.5133271217
3821993000 -90111.1686315536
3828809000 -89960.03079319
3835662000 -89584.5073566437
3842480000 -88429.8122358322
3849290000 -89328.9667592049
3856101000 -88226.3242797852
3862921000 -89072.4419355392
3876938000 -87448.2757310867
3883751000 -88351.0782370567
3890562000 -87270.6248173714
3897371000 -87206.9116110802
3904184000 -87122.8745651245
3910993000 -86067.9298391342
3917808000 -86980.3156051636
3924633000 -86835.344399929
3931460000 -86682.4285311699
3938276000 -84601.827038765
3945091000 -84531.7903470993
3951904000 -83478.4887084961
3958710000 -86472.7759757042
3965522000 -88434.4169368744
3972330000 -91425.1257357597
3979150000 -95346.1808633804
3985968000 -98283.9710493088
3992783000 -101244.660748482
3999600000 -103197.405772686
4006415000 -107166.878122807
4013236000 -111103.742820263
4020053000 -113069.668909073
4026865000 -115070.813755989
4033680000 -119057.852050304
4040484000 -120117.082959175
4054500000 -125734.371538639
4061316000 -129733.052314281
4068133000 -131729.963860512
4074952000 -135718.947556973
4081767000 -138736.96672821
4088578000 -142784.013644218
4095391000 -144823.128844261
4102206000 -148854.316192627
4109022000 -150883.736889362
4115830000 -153966.803069592
4122649000 -156986.534415245
4129469000 -159004.506196976
4136284000 -162057.648882866
4143102000 -164096.719915867
4149912000 -162189.413234234
4156732000 -162224.962559223
4163529000 -161406.409132957
4170350000 -160444.586345196
4177202000 -159296.484408855
4184018000 -158374.229658127
4190832000 -158468.666074753
4197647000 -158561.342929363
4204459000 -157676.855397224
4211272000 -157790.607014656
4218079000 -156945.628874302
4224888000 -157092.738353729
4231700000 -156225.793578148
4238513000 -155357.090527534
4245353000 -154326.875533104
4252167000 -153460.82227993
4258983000 -153586.872107029
4265797000 -153729.598927498
4272615000 -152852.147669315
4279427000 -153015.938298225
4286241000 -152171.83458519
4293060000 -152301.420588493
4299875000 -151459.959590435
4306706000 -151524.67094326
4313525000 -151667.449613571
4320357000 -150734.838505745
4327169000 -149929.374199867
4333988000 -150085.344247818
4340804000 -150264.116396904
4347630000 -150385.932749748
4354454000 -148524.422229767
4361280000 -148655.047024727
4368103000 -148808.475207329
4374906000 -149088.948314667
4381719000 -148312.481116295
4388536000 -147515.87838459
4395352000 -146729.79917717
4402165000 -145966.500800133
4408987000 -149152.429743767
4415808000 -151348.886722565
4422627000 -154561.997489929
4429453000 -157736.614805222
4436273000 -160952.3953619
4443084000 -163227.704809189
4449899000 -165482.899353027
4456713000 -169748.609041214
4463532000 -171988.089026451
4470342000 -174287.073420525
4477162000 -178529.21674633
4483976000 -180812.488513947
4490819000 -183922.633691788
4497633000 -187214.702925682
4504445000 -190523.401453972
4511255000 -192848.725414276
4518077000 -197105.009656906
4524892000 -201408.519730568
4531713000 -203679.716243744
4538529000 -206985.894815445
4545343000 -210308.697526932
4552155000 -214648.120512962
4558977000 -216930.782349586
4565785000 -221303.442016602
4572599000 -223643.802298546
4579409000 -227013.003430367
4586220000 -230380.47658062
4593034000 -231734.000531197
4599855000 -236049.137350082
4606668000 -238417.55488205
4613485000 -241765.921944618
4620303000 -244112.573267937
4627113000 -248512.485973358
4633931000 -250867.921234131
4640750000 -254221.643977165
4647565000 -255604.188241005
4654385000 -258960.594303131
4661198000 -261364.133415222
4668012000 -264765.956143379
4674823000 -266190.479795456
4681638000 -269594.976175308
4688447000 -273040.478573799
4695267000 -276423.242891312
4702084000 -278828.708134651
4708903000 -282226.365392685
4715735000 -285549.118782997
4722543000 -289022.668750763
4729362000 -291433.514808655
4736187000 -294812.168440819
4743002000 -298256.199633598
4749821000 -301680.234489441
4756640000 -305108.665182114
4763448000 -307608.541831017
4770260000 -312088.42085743
4777073000 -313566.592522621
4783889000 -319030.871689796
4790690000 -321590.9361763
4797506000 -325063.989617348
4804362000 -328297.771027565
4811172000 -330816.179906845
4817982000 -336338.973027229
4824802000 -338805.253725052
4831621000 -341282.020569801
4838435000 -343793.625135422
4845255000 -348273.092698097
4852076000 -349750.870298386
4858895000 -352245.219202042
4865710000 -352768.307133675
4872536000 -352228.84905529
4879353000 -350748.556419373
4886167000 -351290.908634186
4893026000 -349563.905420303
4899842000 -349102.900263786
4906657000 -348652.36900425
4913473000 -349200.147143364
4927482000 -349016.728153229
4934291000 -348620.48032856
4941110000 -349167.828747749
4947920000 -349774.275238991
4954735000 -348354.719058037
4961555000 -349909.169869423
4968372000 -349486.246086121
4975191000 -349055.564662933
4989205000 -349923.512137413
4996016000 -350554.848446846
5002834000 -351148.060435295
5009641000 -350812.461073875
5016455000 -350438.741256714
5023280000 -350002.630900383
5030098000 -350613.415922165
5036914000 -350240.734717369
5043729000 -354878.514451981
5050540000 -355544.95816803
5057358000 -356173.313644409
5064167000 -356860.66699791
5070976000 -356552.4033041
5077777000 -356297.048563957
5084616000 -355815.592470169
5091436000 -357453.782741547
5098250000 -358132.753026962
5105062000 -356828.23904705
5111880000 -357491.736722946
5118699000 -357153.567064285
5125518000 -356819.793242455
5132338000 -358484.354664803
5139145000 -357232.092539787
5145957000 -357953.914268494
5159973000 -359035.982807159
5166794000 -358716.701406479
5173617000 -358389.705041885
5180425000 -359157.950358391
5187270000 -358706.527500153
5194088000 -359423.01240921
5200902000 -359168.108306885
5207718000 -359905.486664772
5214531000 -358665.415456772
5221344000 -359429.732355118
5228160000 -360180.282755852
5234971000 -358965.479572296
5241787000 -359724.810689926
5248622000 -359373.591374397
5255434000 -359165.914494514
5262253000 -359920.286252975
5269066000 -357715.339846611
5275879000 -358514.781545639
5282688000 -358342.796861649
5289501000 -359151.012191772
5296312000 -358975.705807686
5303114000 -358859.184977531
5309954000 -357517.37358284
5316777000 -358282.718780518
5323592000 -357100.805065155
5330389000 -356032.035664558
5337207000 -355840.768039703
5344011000 -354738.463095665
5350826000 -355574.09535408
5357639000 -354426.196879387
5364447000 -354312.879755974
5371266000 -354137.526237488
5378091000 -353930.344397545
5384903000 -353806.043428421
5391715000 -352686.129275322
5398527000 -353570.601939201
5405345000 -354423.252717972
5412166000 -354262.19562912
5418979000 -355153.804906845
5425785000 -354092.032242775
5432600000 -354980.348806381
5439419000 -353848.929803848
5446231000 -354764.123059273
5453048000 -353653.551764488
5459861000 -353571.492243767
5466679000 -353463.675901413
5473489000 -352408.480833054
5480303000 -352333.559216499
5487114000 -350281.108151436
5493932000 -351190.8577528
5500747000 -351123.079193115
5507577000 -349969.314526558
5514389000 -349928.400416374
5521207000 -349855.73014164
5528022000 -349805.523970604
5534838000 -349753.685938835
5541657000 -347688.174185753
5548467000 -348681.24954319
5555279000 -346666.66792202
5562099000 -346608.313401222
5568916000 -346572.413964272
5575728000 -345571.001163483
5582542000 -345561.939115524
5589354000 -344569.301236153
5596173000 -344538.93296814
5602987000 -343543.041030884
5609796000 -343581.61575985
5616616000 -343558.410522461
5623427000 -343593.729906082
5630240000 -342621.407773018
5637057000 -341629.422230721
5643863000 -342707.964521408
5650673000 -341766.839540482
5657488000 -341800.044066429
5664298000 -340867.690785408
5671114000 -339903.663793564
5677934000 -339919.992716789
5684755000 -339934.710395813
5691589000 -339875.726088524
5698404000 -339935.291451454
5705219000 -338999.247495651
5712041000 -339025.553692818
5718854000 -339110.305898666
5725665000 -338211.455210686
5732480000 -338292.974621773
5739311000 -338282.833324432
5746115000 -337439.17264843
5752921000 -338587.884640694
5759732000 -338710.969321251
5766553000 -339778.433166504
5773371000 -338868.295401573
5780186000 -337980.550224304
5787000000 -337103.194430351
5793817000 -338212.233854294
5800634000 -338325.666535378
5807448000 -337461.482785225
5814276000 -337517.742677689
5821088000 -337674.337690353
5827909000 -336781.365996361
5834711000 -337006.682356834
5841535000 -337104.514600754
5848351000 -337254.692349434
5855163000 -337433.231102943
5861977000 -336604.173443794
5868793000 -336767.523235321
5875609000 -335935.264996529
5882441000 -336011.563832283
5889261000 -335164.1437006
5896070000 -335386.992997169
5902887000 -335566.323266029
5909700000 -336773.995205879
5916515000 -333974.082330704
5923332000 -330166.588508606
5930150000 -327357.502774239
5936966000 -321564.780638695
5943812000 -317596.93407917
5950633000 -313783.0990448
5957445000 -310027.505727768
5964252000 -306306.208955765
5971060000 -301583.311260223
5977865000 -297882.737207413
5984677000 -293144.680851936
5991498000 -289357.196975708
5998334000 -286484.430644035
6005147000 -283753.577908516
6011963000 -279009.180969238
6018778000 -275275.152791023
6025594000 -271539.539147377
6032409000 -267814.292976379
6039229000 -263063.563195229
6046035000 -260400.869532585
6052845000 -256718.660679817
6059655000 -254040.8360672
6066477000 -249295.728303909
6073293000 -246590.850070953
6080107000 -242902.305793762
6086916000 -239248.002655983
6093728000 -235580.173355103
6100544000 -231892.854622841
6107362000 -228197.991026878
6114173000 -225549.296386719
6120987000 -225887.085887909
6127804000 -225211.365327835
6134603000 -225647.423160553
6141413000 -226022.23390007
6148227000 -225377.570664406
6155035000 -225773.080280304
6161858000 -225083.522575378
6168675000 -225434.141588211
6175488000 -224813.001764297
6182302000 -225190.288712502
6189113000 -224589.847117424
6195937000 -224916.310480118
6202749000 -223318.688913345
6209566000 -223695.660387993
6216380000 -223094.899452209
6223192000 -223510.44284153
6230007000 -223912.502580643
6244023000 -224430.965055466
6250844000 -223810.716405869
6257667000 -222182.95775795
6264483000 -217601.275044441
6271295000 -215047.795976639
6278104000 -212516.56055069
6284923000 -208930.191764832
6291716000 -204502.944489479
6298524000 -202990.80440712
6305335000 -199465.196885109
6312150000 -196920.178665161
6318965000 -194379.551123619
6325798000 -190736.254449844
6332607000 -186240.102603912
6339417000 -183742.38723278
6346227000 -180249.056101799
6353042000 -176730.383254051
6359855000 -173227.990182877
6366673000 -170700.26570034
6373484000 -168218.538575172
6380300000 -168711.483904839
6387145000 -168036.504117012
6393964000 -169520.428104401
6400781000 -169020.629283905
6407595000 -170543.043823242
6414404000 -170099.544706345
6421220000 -170618.857316971
6428039000 -171124.747595787
6434861000 -170617.221340179
6441687000 -171090.347546577
6448512000 -171573.814785004
6455320000 -171162.589460373
6462125000 -170773.550436974
6468939000 -170335.481104851
6475752000 -170907.734755516
6482561000 -171508.108296394
6489374000 -172089.135579109
6496180000 -171716.072579384
6503013000 -172187.251276016
6509836000 -173722.147555351
6516656000 -175279.23400116
6523482000 -174805.143101692
6530304000 -175359.170801163
6537121000 -174947.237149239
6543922000 -175634.531079292
6550734000 -177261.006141663
6557549000 -176874.090446472
6564366000 -177479.715005875
6571186000 -178071.959116936
6578003000 -178686.372126579
6584835000 -178216.329211235
6591647000 -179869.151574135
6598470000 -178461.218866348
6605287000 -177093.215220451
6612123000 -178617.111545563
6618939000 -179263.826715469
6625753000 -179926.772674561
6632562000 -180623.701855659
6639376000 -180295.423378944
6646188000 -177983.369251251
6653001000 -175669.785104752
6659805000 -171413.834776878
6666644000 -167955.216860771
6673463000 -164619.318576813
6680278000 -162311.473150253
6687096000 -157990.277572632
6693916000 -155661.65060997
6700740000 -153313.771489143
6707557000 -150011.676386833
6714382000 -147666.686288834
6721199000 -142373.38285923
6728019000 -140066.743460655
6734830000 -136817.683067322
6741636000 -133602.550476074
6748442000 -130391.796976089
6755257000 -126132.258059502
6762078000 -123841.670689583
6768894000 -121585.011123657
6775712000 -118320.933060646
6782520000 -115120.295436859
6789333000 -112894.519749641
6796143000 -110690.842072487
6802962000 -106438.424716949
6809776000 -105219.913261414
6816599000 -100952.678882599
6823408000 -98772.4556303024
6830222000 -95567.1149301529
6837027000 -91419.2585487366
6843841000 -88222.6908359528
6850659000 -85006.919921875
6857476000 -81801.4410591125
6864296000 -78582.6648778915
6871121000 -75338.8047523499
6877934000 -72170.0950307846
6884750000 -67988.088637352
6891569000 -63792.7913732529
6898379000 -60654.9326715469
6905192000 -55503.7792310715
6912005000 -53357.0138959885
6918815000 -49232.3117790222
6925633000 -47064.8654174805
6932449000 -42913.5944356918
6939260000 -39796.1642808914
6946080000 -36630.1175060272
6952887000 -33545.0181379318
6959704000 -30405.4207515717
6966508000 -27346.750164032
6973321000 -25239.4771232605
6980134000 -23136.5921859741
6986940000 -21079.2922029495
6993756000 -20967.5251054764
7000565000 -21901.3378105164
7007369000 -21868.9501342773
7014182000 -20787.9947690964
7021022000 -22552.612326622
7027833000 -22492.2133569717
7034642000 -23447.9614257812
7041460000 -23355.1714506149
7048278000 -24266.7760229111
7055090000 -24218.0480728149
7061905000 -26156.0724039078
7068721000 -27092.6098842621
7075543000 -27998.2780017853
7082357000 -28955.3557758331
7089169000 -28928.5741415024
7095984000 -30888.5544548035
7102797000 -30864.674074173
7109612000 -32833.4344615936
7116421000 -32841.8236703873
7123231000 -33848.7234535217
7130051000 -34801.2901191711
7136870000 -34764.1250009537
7143682000 -34772.4488449097
7150495000 -35779.2897024155
7157304000 -36813.9952974319
7164112000 -36858.9523620605
7170933000 -36832.0087680817
7177770000 -37715.5879926682
7184585000 -39732.6510238647
7191391000 -39806.8981618881
7198201000 -40862.0632190704
7205015000 -40898.1539230347
7211829000 -41938.634018898
7218639000 -43006.9569482803
7225448000 -44085.5268363953
7232266000 -44115.7210226059
7239080000 -44173.7554674149
7245898000 -45212.7361707687
7252711000 -46285.4121179581
7259522000 -47374.1951589584
7266334000 -49461.5048770905
7273147000 -48547.3432044983
7279957000 -51655.142326355
7286780000 -51691.1857385635
7293591000 -51801.9054365158
7300410000 -53870.1656179428
7307226000 -53960.3865938187
7314036000 -55090.1255893707
7320848000 -56212.541428566
7327669000 -58286.6666021347
7334478000 -60435.4190988541
7341292000 -60559.2957191467
7348105000 -60693.4128551483
7354922000 -61808.5161867142
7361732000 -63968.961605072
7368552000 -64075.2993774414
7375412000 -64952.0926122665
7382237000 -67038.0109519958
7389052000 -67186.8053655624
7395890000 -69205.5185480118
7402710000 -70333.8793449402
7409533000 -71449.1013250351
7416349000 -73609.6369867325
7423170000 -73745.3444929123
7429952000 -75113.3423042297
7436784000 -77193.5513706207
7443612000 -78301.5414190292
7450439000 -79419.7803630829
7457267000 -79536.5846614838
7464041000 -76973.1649646759
7470819000 -74390.7251958847
7477658000 -72456.4570903778
7484457000 -68760.1398067474
7491279000 -66933.928109169
7498100000 -64117.9530572891
7504919000 -61318.0490140915
7511733000 -59551.7190685272
7518551000 -57766.4384832382
7525369000 -53985.5524454117
7532193000 -51174.0586442947
7539001000 -49460.2963094711
7545809000 -46750.9156398773
7552631000 -44964.2716236115
7559448000 -43211.1830177307
7566322000 -40130.1494903564
7573148000 -38333.415514946
7579981000 -34500.2820005417
7586797000 -32770.6478300095
7593610000 -30062.8893661499
7600423000 -29359.5190057755
7607244000 -25613.9237623215
7614066000 -23866.9009561539
7620884000 -21147.5791883469
7627702000 -19432.6519680023
7634515000 -15751.2395191193
7641299000 -13243.0938396454
7648071000 -11809.1721420288
7654882000 -9152.52315998077
7661703000 -5442.04495334625
7668524000 -1735.9651632309
7675354000 18.0978736877441
7682185000 2773.57041931152
7688966000 5233.68689250946
7695724000 7555.63646602631
7702519000 10088.5203580856
7709342000 10779.9145288467
7716170000 13495.9893341064
7723003000 16236.7350902557
7729828000 17926.54666996
7736659000 20646.841006279
7743486000 23339.4690504074
7750317000 25050.9433259964
7757142000 28723.1315689087
7763965000 32379.2926225662
7770715000 34606.8375892639
7777487000 36957.9068889618
7784314000 39624.1844730377
7791140000 41280.2466630936
7797974000 43978.3727264404
7804793000 47584.964392662
7811615000 50204.5821285248
7818446000 51872.0600738525
7825265000 53465.4545593262
7832096000 57124.1176109314
7838911000 59685.4938001633
7845681000 61981.2957105637
7852425000 64121.8752098083
7859228000 67600.5204801559
7866021000 70016.7689332962
7872804000 72370.6398324966
7879583000 71696.9576787949
7886353000 69966.7289800644
7893160000 69446.7524175644
7899956000 68858.6070213318
7906734000 67161.7258224487
7913519000 67501.0851716995
7920293000 66772.3251037598
7927091000 64178.3403139114
7933880000 63527.8250284195
7940651000 61768.6406440735
7947443000 65126.8058109283
7954244000 66532.7542562485
7960994000 68638.8779468536
7967772000 71902.885468483
7974542000 73116.2146577835
7981327000 74412.0798473358
7988119000 77744.1272449493
7994917000 80106.5533924103
8001715000 82464.6107368469
8008525000 84887.7635326385
8015330000 86277.5918684006
8022131000 87639.8927965164
8028926000 90963.1005134583
8035726000 92310.8738622665
8042496000 94480.7116060257
8049287000 96767.6979913712
8056052000 98899.935546875
8062829000 101097.249261856
8069632000 102440.576828957
8076410000 105634.972450256
8083192000 107848.151453018
8089971000 110039.639228821
8096761000 111290.366398811
8103552000 114542.514745712
8110305000 116570.698865891
8117078000 117710.140351295
8123860000 119897.245167732
8130681000 122305.310216904
8137466000 123501.022997856
8144278000 125848.331751823
8151045000 126931.369155884
8157872000 129356.551795959
8164686000 131702.267270088
8171507000 133084.006309509
8178323000 133432.48375988
8185139000 135776.56924057
8191955000 138116.262751579
8198771000 139451.564292908
8205587000 141782.473864555
8212369000 143912.831357002
8219139000 145969.615274429
8225958000 147304.704883575
8232780000 148652.701116562
8239540000 151638.753252983
8246296000 153597.420455933
8253050000 155540.241531372
8259803000 155472.985242844
8266623000 158787.625279427
8273447000 159120.922761917
8280269000 161438.291963577
8287094000 162768.548517227
8293918000 164088.639788628
8300724000 166300.629640579
8307480000 168220.219263077
8314285000 170417.723320961
8321103000 171685.718365669
8327923000 173960.835847855
8334706000 175018.51577282
8341472000 176973.973568916
8348234000 177902.077305794
8355059000 179188.481987953
8361896000 181539.546470642
8368722000 182822.890893936
8375549000 185107.584441185
8382368000 186341.845071793
8389201000 188652.247666359
8396033000 190952.484302521
8402862000 192231.054102898
8409725000 193700.741030693
8416552000 195958.971175194
8423371000 198166.799411774
8430171000 200261.004128456
8436925000 203086.420931816
8443727000 204183.407560349
8450590000 206626.581074715
8457388000 208691.795573235
8464186000 209752.641270638
8470960000 211671.238903999
8477728000 213551.032546043
8484483000 215351.827874184
8491270000 217332.087148666
8498077000 218422.83990097
8504855000 222342.701101303
8511649000 223350.077157021
8518453000 225410.494359016
8525263000 227500.974064827
8532078000 229615.765492439
8538890000 230708.950593948
8545685000 233700.204491615
8552475000 235658.407121658
8559268000 237629.461090088
8566072000 237659.248452187
8572879000 240701.865301132
8579640000 242476.305853844
8586447000 244510.19154644
8593242000 246470.895946503
8600048000 248490.295837402
8606854000 250505.316637039
8613664000 252538.884263039
8620477000 254585.260154724
8627298000 255673.089471817
8634107000 257687.765816689
8640916000 258698.059206963
8647716000 261652.415306091
8654491000 262459.209564209
8661298000 265444.927822113
8668094000 266363.276035309
8674907000 268374.594755173
8681714000 269347.175094604
8688517000 272292.477443695
8695334000 273313.537191391
8702138000 276255.803188324
8708938000 277170.802776337
8715763000 280224.476705551
8722577000 282210.814048767
8729379000 284124.115524292
8736186000 286061.642538071
8743016000 288126.331970215
8749835000 291123.706708908
8756669000 294202.455024719
8763486000 295179.593791962
8770298000 298123.755939484
8777119000 300114.975517273
8783933000 302061.789001465
8790753000 304038.501523972
8797562000 305947.961889267
8804376000 308881.606552124
8811192000 310822.287435532
8817973000 312558.65063858
8824793000 315513.416215897
8831606000 317423.80853653
8838428000 319381.204839706
8845245000 322305.653503418
8851995000 323843.209569931
8858786000 326610.498958588
8865574000 328356.3055439
8872349000 331023.564861298
8879149000 332829.144451141
8885973000 334767.290369034
8892785000 336632.572898865
8899592000 338464.946369171
8906400000 342298.643266678
8913225000 344224.912231445
8920032000 347044.132339478
8926850000 348921.692667007
8933664000 350772.053533554
8940483000 352646.527927399
8947348000 354778.803554535
8954132000 357444.981430054
8960925000 359158.096338272
8967745000 360020.69506073
8974532000 360690.883686066
8981308000 361294.053682327
8988124000 362120.726354599
8994968000 363102.479198456
9001789000 364948.823827744
9008608000 364779.381757736
9015408000 365497.367366791
9022206000 366199.595888138
9029013000 366948.685533524
9035830000 368750.310499191
9042643000 368524.778505325
9049464000 369340.380655289
9056274000 371088.998390198
9070308000 371928.04955101
9077123000 371691.68636322
9083943000 371479.367599487
9090764000 372268.338088989
9097579000 373018.795770645
9104388000 372730.752246857
9111205000 374483.801319122
9118013000 375181.302938461
9124785000 374669.829198837
9131583000 375301.765487671
9145519000 376484.145030975
9152326000 376153.881416321
9159158000 376961.235210419
9165994000 377786.893449783
9172833000 379625.16975975
9179672000 381459.02440834
9186512000 380294.134723663
9193356000 382147.528793335
9200196000 381973.790613174
9207030000 383761.57717514
9213873000 383596.021181107
9227926000 384333.776256561
9234771000 386166.047868729
9241689000 387407.954204559
9248526000 388185.948041916
9255362000 387953.851991653
9262201000 389734.348665237
9269009000 391334.66843605
9275794000 391800.222234726
9282626000 392527.831218719
9289446000 393183.016475677
9296266000 392833.804607391
9303084000 393468.863006592
9309908000 394133.520811081
9316729000 395776.781290054
9323553000 397432.636459351
9330386000 399135.062854767
9337217000 400821.749191284
9344033000 402419.087722778
9350853000 404034.681438446
9357665000 405600.588876724
9364482000 408190.411998749
9371303000 409798.481283188
9378119000 410373.85610199
9384939000 412967.473215103
9391763000 415579.324884415
9398571000 416096.257846832
9405395000 418699.315267563
9412213000 419264.034477234
9419026000 421796.082426071
9425847000 423368.97986412
9432662000 423903.554561615
9439481000 425456.352214813
9446296000 426982.142972946
9453119000 428548.760015488
9459941000 429105.324586868
9466767000 431680.092775345
9473598000 433278.707017899
9480427000 434861.610862732
9487243000 436366.670351028
9494061000 437878.634366989
9500882000 436403.146654129
9507706000 434940.201402664
9514550000 432585.780139923
9521376000 431125.308753967
9528205000 429677.367563248
9535029000 426196.795753479
9541868000 424796.477622986
9548692000 423307.091566086
9555515000 421807.660779953
9562340000 419315.112592697
9569166000 417823.801977158
9575984000 416282.962459564
9582801000 413732.088533401
9589605000 411103.51153183
9596429000 409583.329473495
9603261000 407103.848545074
9610069000 405484.660243988
9616860000 404765.267398834
9623690000 403261.318620682
9630522000 399764.230512619
9637352000 398251.460384369
9644175000 395694.841819763
9650999000 393139.45567131
9657846000 391709.220880508
9664663000 389105.590475082
9671453000 387345.516895294
9678249000 384614.869812012
9692274000 382578.064226151
9699079000 378884.700069427
9705895000 378248.868574142
9712718000 375648.038164139
9719554000 373115.956886292
9726387000 371562.578968048
9733201000 369897.899957657
9740020000 368256.956546783
9746871000 364791.596544266
9753699000 363192.454174042
9760523000 360566.412118912
9767346000 359930.345363617
9774172000 358306.742921829
9780993000 355650.629993439
9787800000 354911.431928635
9794589000 352066.696401596
9801334000 349970.358873367
9808080000 347875.33895874
9814855000 346938.936632156
9821672000 346234.120790482
9828474000 343440.662168503
9835280000 342665.29357338
9842099000 340958.545408249
9848911000 342208.098485947
9855731000 344498.177219391
9862549000 344772.631999969
9869357000 345986.564531326
9876182000 349291.521539688
9882993000 349513.51424408
9889808000 350753.564767838
9896642000 353095.818258286
9903461000 354349.513366699
9910219000 356256.669452667
9917031000 358462.354366302
9923844000 359669.260084152
9930643000 361793.280033112
9937430000 363845.653879166
9944227000 364949.729980469
9951046000 367172.749637604
9957875000 367447.417490005
9964692000 370650.431512833
9971510000 371854.655389786
9978295000 372869.60320282
9985106000 374025.84646225
9991936000 375284.126674652
9998756000 377481.991487503
10005575000 378669.859279633
10012384000 379797.338748932
10019210000 380015.611545563
10026021000 382145.51008606
10032847000 382354.98282814
10039665000 382515.277347565
10046498000 382755.11769104
10053307000 384856.255025864
10060129000 385025.740978241
10066950000 385185.233133316
10073733000 385127.775859833
10080551000 384261.71727562
10087368000 387385.671981812
10094174000 386443.726745605
10100994000 385575.674640656
10107813000 385697.635183334
10114619000 384742.535303116
10121368000 386464.48654747
10135240000 385985.252925873
10141986000 386677.286407471
10148782000 386644.335515976
10155604000 386752.246875763
10162414000 386788.737745285
10169232000 386865.519750595
10176053000 386954.658536911
10182880000 387072.897695541
10189692000 386102.993400574
10196514000 387184.520717621
10203339000 387278.39192009
10210162000 386356.698442459
10216982000 387413.864248276
10223810000 388511.267024994
10230629000 389554.054805756
10237456000 389637.070526123
10244277000 391682.216127396
10251105000 392762.000087738
10257936000 393854.104705811
10264771000 392964.099559784
10271595000 394008.355743408
10278420000 393053.783742905
10285248000 394111.528526306
10292067000 395114.710584641
10298889000 395130.213298798
10305691000 396029.885906219
10312515000 396047.743862152
10319318000 396944.224664688
10326135000 396914.304481506
10332977000 397019.214603424
10339778000 396891.399024963
10346603000 396892.834497452
10353423000 397862.031349182
10360245000 398837.963802338
10367075000 397854.022296906
10373896000 397815.585107803
10380717000 397772.749502182
10387539000 397731.079265594
10394320000 397456.920568466
10401145000 397423.16485405
10407969000 398379.443710327
10414798000 397359.126317978
10421616000 394273.234010696
10428410000 391049.509113312
10435152000 387532.338008881
10441946000 383299.919185638
10448789000 380335.478466034
10455611000 376249.906625748
10462438000 373187.718593597
10469263000 370110.012289047
10476081000 365989.014520645
10482909000 362919.169885635
10489732000 359817.147190094
10503758000 354709.968265533
10510580000 351588.945325851
10517398000 349441.316652298
10524214000 346278.191705704
10531032000 342121.7752285
10537841000 339911.018035889
10544711000 337034.362482071
10551528000 334859.186367035
10558351000 332712.902803421
10565188000 331639.876104355
10572012000 329490.327865601
10578838000 327347.468736649
10585666000 325211.294851303
10592488000 324037.447069168
10599317000 321898.005922318
10606148000 319765.242269516
10612976000 317611.439882278
10619801000 317436.604570389
10626630000 314279.530405045
10633458000 313112.506965637
10640288000 310952.155855179
10647123000 308815.090932846
10653947000 306612.684949875
10660777000 305439.104394913
10667626000 303366.322620392
10674459000 302200.519714355
10681296000 300052.446956635
10688135000 296911.025852203
10694972000 294754.113651276
10701803000 293559.577934265
10708638000 291382.764606476
10715468000 290173.870880127
10722278000 288849.924379349
10729113000 287659.880968094
10735937000 285404.581756592
10742773000 283211.242673874
10749611000 282024.544919968
10756434000 279750.493169785
10763266000 277521.794797897
10770098000 276288.683815002
10776946000 274139.591751099
10783778000 272897.645206451
10790612000 271662.337402344
10797455000 269472.339689255
10804270000 269123.232343674
10811104000 266874.685409546
10817942000 265643.815656662
10824784000 264430.61533165
10831622000 262190.902257919
10838465000 259974.374591827
10845284000 259620.927885056
10852116000 257334.843582153
10858915000 254862.212421417
10865754000 253605.954227448
10872578000 251262.505443573
10879411000 248964.309928894
10886236000 247617.567405701
10893059000 244255.389322281
10899888000 242921.902328491
10906712000 239556.433086395
10913534000 237175.533445358
10920362000 234823.314569473
10927188000 232455.662714005
10934013000 231078.093870163
10940840000 228707.144403458
10947660000 225293.212963104
10954491000 222935.496444702
10961309000 219501.7445755
10968131000 218085.633747101
10974957000 216687.156215668
10981793000 214339.349870682
10988636000 211025.674448013
10995465000 207630.483831406
11002292000 206219.87314415
11009112000 203766.321147919
11015929000 200291.858894348
11022742000 197790.988447189
11029566000 193346.263875961
11036387000 190880.629686356
11043211000 186427.102478027
11050041000 183002.17990303
11056871000 177572.847295761
11063701000 176139.104660034
11070524000 173662.457481384
11077346000 172175.910736084
11084171000 171701.458063126
11090986000 170167.629003525
11097821000 168739.341993332
11104658000 167317.630474091
11111481000 165814.565067291
11118307000 164323.582763672
11125137000 162850.171806335
11131970000 161388.831045151
11138797000 160890.119804382
11145624000 160387.002408981
11152447000 158857.512971878
11159282000 157389.512449265
11166106000 155856.703460693
11172885000 155072.463012695
11179659000 152256.43365097
11186472000 151650.108295441
11193244000 148814.402711868
11199975000 148749.395647049
11206784000 146108.039859772
11213517000 145045.388334274
11220267000 143071.697185516
11227030000 142164.996189117
11241004000 137795.06051445
11247767000 135875.101289749
11254580000 134224.909061432
11261404000 131630.621614456
11268225000 129015.490304947
11275043000 127379.520933151
11281861000 125739.157016754
11288677000 123083.441366196
11295486000 121384.988103867
11302311000 119769.788764954
11309129000 117111.849233627
11315956000 114498.799287796
11322771000 111815.638753891
11329594000 110171.88533783
11336401000 106436.145643234
11343231000 104821.914609909
11350040000 103088.344938278
11356862000 100421.530233383
11370871000 97071.5581874847
11377694000 94396.7791442871
11384532000 92799.6420783997
11391368000 91187.1468791962
11398183000 87455.4008674622
11404990000 85675.5234031677
11411793000 82869.3977432251
11418623000 80206.4872074127
11425455000 77550.0979652405
11432269000 74790.9257984161
11439091000 71071.0792293549
11445920000 68385.0790500641
11452706000 65459.7575187683
11459504000 64595.6319236755
11466325000 60852.7589149475
11473147000 58110.9486427307
11479961000 56321.0545959473
11486780000 53554.0704803467
11493622000 50908.2525672913
11500452000 48192.5062503815
11507284000 46483.2657585144
11514109000 43731.4116897583
11520935000 39980.6106777191
11527768000 38263.5967311859
11534603000 35553.0795688629
11541439000 32843.6006145477
11548267000 30086.0714645386
11555135000 26542.2710494995
11561972000 22824.9759941101
11568807000 20092.3576469421
11575643000 17360.7742729187
11582465000 15548.4616565704
11589283000 12709.9486427307
11596094000 8828.89436721802
11602919000 6019.73896598816
11609759000 2287.90358352661
11616587000 -513.7258644104
11623427000 -3254.39939498901
11630251000 -7086.63669013977
11637075000 -10923.2762718201
11643903000 -13742.5380935669
11657940000 -19320.2336578369
11664765000 -22169.2928733826
11671592000 -24011.8708763123
11678418000 -27864.296787262
11685246000 -30710.2453575134
11692078000 -34538.839548111
11698902000 -38415.3648433685
11712932000 -45104.1140670776
11719756000 -47994.0926532745
11726583000 -50872.1619377136
11733404000 -53787.2566776276
11740240000 -57625.2112693787
11747060000 -60554.5477733612
11753874000 -62520.8890857697
11760699000 -64431.846124649
11767507000 -68439.5732631683
11774333000 -70353.8938045502
11781163000 -73250.8910694122
11787988000 -74179.4553127289
11794805000 -78155.8690910339
11801636000 -81060.6547260284
11808470000 -83953.5633220673
11815293000 -85910.6040019989
11822130000 -88796.0514011383
11828927000 -90903.0185718536
11835744000 -92905.8157444
11842558000 -95929.284866333
11849388000 -97870.3340091705
11856212000 -99848.3428211212
11863030000 -101863.299686432
11869847000 -105888.0747509
11876667000 -107900.974056244
11883492000 -109891.158679962
11890311000 -112918.277175903
11897126000 -114971.475795746
11903930000 -118088.689809799
11910749000 -120128.983566284
11917569000 -118168.254020691
11924390000 -119206.503108978
11931213000 -118238.314910889
11938035000 -117279.944913864
11944857000 -118325.974620819
11951672000 -116414.315439224
11958486000 -115512.462211609
11965304000 -115593.339866638
11972110000 -114743.579864502
11978911000 -115925.265651703
11985726000 -115035.546346664
11992544000 -114133.981565475
11999367000 -113209.754299164
12006186000 -113311.571073532
12013006000 -113412.373569489
12019808000 -111614.943710327
12026632000 -111702.893535614
12040646000 -109912.84718895
12047463000 -110052.087999344
12054284000 -110174.097208023
12061107000 -109289.693691254
12067929000 -109415.096096039
12074750000 -110550.302484512
12081567000 -109711.521831512
12088387000 -109860.925462723
12095211000 -109993.116836548
12102027000 -110172.924104691
12108844000 -109351.722286224
12115675000 -109459.307958603
12122493000 -109641.501911163
12129312000 -109822.691289902
12136138000 -109970.487165451
12142960000 -110144.27923584
12149782000 -109322.471008301
12156602000 -108515.855571747
12163422000 -108713.637260437
12170246000 -108894.23506546
12177061000 -109127.786623001
12183890000 -108290.213380814
12190713000 -108489.408779144
12197541000 -107666.041812897
12211563000 -106059.29117012
12218378000 -105319.46191597
12225183000 -105637.9239254
12231998000 -104906.869590759
12238816000 -104164.039628983
12245643000 -103377.111089706
12252457000 -102664.625940323
12259286000 -101875.727655411
12266105000 -101145.100004196
12272923000 -99424.253736496
12279748000 -99670.107711792
12286564000 -98968.8235588074
12293381000 -98266.5477676392
12300203000 -97541.7504005432
12314278000 -96785.8609237671
12321105000 -96047.6356830597
12327929000 -94329.9576358795
12334784000 -94449.9112091064
12341601000 -93778.7110977173
12348434000 -94025.8497219086
12355257000 -93331.1798667908
12362079000 -93646.2881240845
12368912000 -92906.6548957825
12375734000 -93230.5696582794
12382555000 -92564.259305954
12389379000 -91886.2237606049
12396211000 -92169.5993766785
12403036000 -91495.0003166199
12409854000 -91862.4130344391
12416733000 -90906.5311641693
12423554000 -90266.6583766937
12430399000 -91502.2881832123
12437226000 -90839.0076255798
12444052000 -90185.5025920868
12450878000 -89536.402425766
12457698000 -89923.9155883789
12464527000 -90267.5189876556
12471351000 -89642.3650569916
12478173000 -90032.3456935883
12484996000 -89421.36054039
12491844000 -89680.6551189423
12498658000 -90126.7659244537
12505483000 -89518.2669582367
12512304000 -89935.6232242584
12519126000 -90352.0156383514
12525949000 -89767.4461326599
12532816000 -89951.3945846558
12539632000 -89413.1777687073
12546463000 -89798.9576244354
12553290000 -90210.5849609375
12560122000 -90599.8264846802
12566955000 -89988.1228675842
12573776000 -89445.1183986664
12580616000 -90804.7396392822
12587436000 -90275.9000644684
12594267000 -89692.5507793427
12601100000 -90102.9037685394
12607935000 -91506.9629173279
12614761000 -89963.6176147461
12621592000 -89397.9142608643
12628402000 -88949.0129375458
12635232000 -88397.469959259
12642061000 -87855.6876564026
12648890000 -88318.3140964508
12655713000 -86817.4454174042
12662533000 -87337.0238742828
12669353000 -87860.9994564056
12676180000 -87351.940202713
12683017000 -87793.8193359375
12689845000 -87288.232717514
12696666000 -87824.4719467163
12703490000 -88349.0750713348
12710316000 -87867.3920898438
12717193000 -87117.5930194855
12724024000 -87618.0381774902
12730856000 -87117.552406311
12737686000 -87632.1624641418
12744546000 -87990.9537124634
12751385000 -87466.340379715
12758199000 -87079.6404018402
12765016000 -87681.3127422333
12771843000 -87233.9945449829
12778666000 -85812.4334392548
12785489000 -86395.2733325958
12792321000 -85934.4862251282
12799152000 -85483.4475269318
12805987000 -86015.4795455933
12812831000 -84503.9175109863
12819663000 -85060.789899826
12826486000 -84670.0738182068
12833318000 -85235.765619278
12840147000 -84821.8658008575
12846973000 -84428.3685493469
12853799000 -88039.2761669159
12860629000 -91633.268705368
12867460000 -96226.3419342041
12874293000 -98813.169095993
12881129000 -102388.426019669
12887952000 -106037.356952667
12894790000 -109610.787527084
12901620000 -112231.247348785
12908443000 -115893.395458221
12915277000 -119501.371541977
12922102000 -123161.680389404
12928927000 -125826.392812729
12935741000 -129554.060537338
12942573000 -133190.317337036
12949398000 -135868.23790741
12956227000 -140529.27825737
12963065000 -144146.84462738
12969902000 -146774.15102005
12976741000 -149395.238470078
12983583000 -159004.792491913
12990403000 -162735.76181221
12997258000 -166285.030778885
13004083000 -169998.234796524
13010911000 -173699.895053864
13017733000 -176437.853557587
13024561000 -180148.324838638
13031391000 -182852.575881958
13038212000 -185609.055728912
13045000000 -185545.248285294
13051816000 -184337.063241959
13058637000 -184106.713832855
13065449000 -181928.558439255
13072265000 -179733.549949646
13079051000 -179702.213489532
13085876000 -179468.191379547
13092702000 -178233.264797211
13099517000 -179061.124498367
13106332000 -177893.374881744
13113152000 -178703.485378265
13119977000 -179491.465660095
13126783000 -179384.641166687
13133579000 -180335.237577438
13140406000 -179125.79054451
13147234000 -179915.446775436
13154071000 -178661.790250778
13160898000 -179465.568786621
13167717000 -179316.161113739
13174537000 -179165.848968506
13181371000 -178945.738647461
13188181000 -177857.219974518
13195015000 -177645.924543381
13201847000 -179449.639762878
13208675000 -179278.955924988
13215503000 -179112.679534912
13222340000 -178903.14847374
13229168000 -179745.692789078
13235997000 -179587.350053787
13242821000 -179459.885328293
13249640000 -179363.288936615
13256462000 -179255.21068573
13263325000 -178934.563497543
13270150000 -179819.437288284
13276982000 -179671.680274963
13283814000 -179528.335874557
13290638000 -180431.718757629
13297458000 -179360.658683777
13304261000 -179383.892507553
13311020000 -179644.147392273
13317822000 -178681.390146255
13324647000 -178601.426084518
13331458000 -179599.862241745
13338312000 -179375.436271667
13345133000 -179329.829343796
13351937000 -179378.440980911
13358735000 -178463.126516342
13365563000 -178393.713283539
13372363000 -178476.592489243
13379124000 -178769.800783157
13385878000 -178104.292766571
13392654000 -180326.943979263
13399482000 -185279.425331116
13406270000 -189447.45016098
13413097000 -192413.998344421
13419917000 -197421.892471313
13426736000 -202439.460193634
13433484000 -204836.007436752
13440276000 -205004.751098633
13447099000 -205014.34498024
13453918000 -205049.435451508
13460742000 -205062.555492401
13467558000 -204122.258684158
13474373000 -203191.625810623
13481181000 -204302.28286171
13487973000 -203501.652425766
13494796000 -202542.011993408
13501608000 -202644.735839844
13508428000 -201709.696537018
13515252000 -201757.981962204
13522072000 -200831.739492416
13528897000 -200883.560096741
13535714000 -199981.913599014
13542537000 -200053.067232132
13549354000 -199160.211118698
13556187000 -199187.520568848
13563015000 -199245.561845779
13569828000 -199386.954666138
13576641000 -199532.735591888
13583452000 -198693.427927017
13590266000 -198842.722764969
13597073000 -198033.229545593
13603901000 -197117.66258049
13610707000 -198322.202707291
13617510000 -197546.897224426
13624330000 -197686.584564209
13631153000 -197814.897600174
13637980000 -198926.585643768
13644806000 -200047.935693741
13651608000 -198299.815605164
13658417000 -199519.287500381
13665246000 -200638.063930511
13672047000 -199908.340820312
13678855000 -202146.221931458
13685671000 -202346.468795776
13692498000 -202493.342844009
13699326000 -202639.372350693
13706147000 -201826.559677124
13712959000 -203065.390096664
13719785000 -203235.124628067
13726607000 -203430.256500244
13733414000 -203708.500204086
13740226000 -203964.890125275
13747047000 -203178.45117569
13753871000 -203380.67401886
13760670000 -202718.421588898
13767458000 -202118.226072311
13774250000 -202501.412054062
13781067000 -202757.88483429
13787890000 -202987.296918869
13794717000 -203200.143276215
13801521000 -202537.93961525
13808341000 -202796.26618576
13815163000 -202048.510387421
13821980000 -203331.349807739
13828803000 -204587.151737213
13835600000 -202983.537828445
13842409000 -203321.44536972
13849224000 -203632.316699982
13856043000 -203926.63517952
13862862000 -204225.349494934
13869680000 -205533.694242477
13876468000 -205003.452043533
13883296000 -204268.233482361
13890091000 -204710.100223541
13896903000 -203067.387559891
13903703000 -204491.83823204
13910532000 -204768.969026566
13917342000 -204149.880207062
13924190000 -203336.456834793
13931006000 -203694.78818512
13937826000 -204036.598897934
13944644000 -203393.261751175
13951464000 -203743.865427017
13958273000 -204156.354625702
13965090000 -203531.422180176
13971909000 -203900.433139801
13978721000 -204310.409925461
13985541000 -204682.984401703
13992354000 -203096.516979218
13999173000 -203483.103546143
14005997000 -204847.977416992
14012792000 -204368.664392471
14019628000 -203679.679107666
14026442000 -205109.946598053
14033263000 -205508.069580078
14040076000 -205952.338850021
14046825000 -205734.938224792
14053644000 -207156.639268875
14060427000 -206770.532278061
14067243000 -207216.64953804
14074068000 -206620.221321106
14080893000 -207028.196681976
14087661000 -206737.772680283
14094472000 -206227.505197525
14101289000 -205690.347053528
14108104000 -206168.006277084
14114923000 -207629.210542679
14121749000 -206058.335298538
14128580000 -206465.814329147
14135390000 -205987.103616714
14142127000 -205893.022008896
14148868000 -205782.398351669
14155704000 -205181.352516174
14162519000 -204694.069538116
14176516000 -204822.219127655
14183345000 -204275.47546196
14190158000 -204816.409267426
14196981000 -204309.694656372
14203807000 -204791.772022247
14210631000 -204288.658975601
14217459000 -203769.1413517
14224277000 -203306.041879654
14231096000 -201842.136529922
14237907000 -202424.22527504
14244737000 -201911.915929794
14251559000 -202445.604549408
14258390000 -201936.912254333
14265218000 -202448.222881317
14272044000 -202974.334066391
14278857000 -202572.396957397
14285682000 -203112.504753113
14292496000 -202714.156959534
14299307000 -202335.780492783
14306126000 -202920.242881775
14312940000 -201535.064552307
14319763000 -200107.547216415
14326605000 -201585.794309616
14333428000 -201167.091218948
14340241000 -200804.690202713
14347061000 -200410.351041794
14353893000 -199958.143190384
14360713000 -200572.606018066
14367512000 -200300.404083252
14374322000 -200975.516483307
14381135000 -200639.454395294
14387964000 -201224.810853958
14394780000 -199881.980424881
