38000 -150499.958851016
6894000 -155134.45535819
13717000 -154096.550076563
20536000 -153101.282598104
27357000 -151089.702693332
34126000 -148592.286194474
40963000 -148430.186798275
47797000 -157300.908508636
54626000 -161224.091120102
61459000 -156111.332761697
68290000 -165021.566053852
75129000 -167856.581726253
81972000 -170655.67212002
88781000 -166791.989899218
95586000 -162970.910255149
102328000 -162771.729411438
109083000 -157448.172787562
115836000 -158147.524960905
122587000 -155869.783024788
129718000 -164864.953104272
136469000 -165593.93419531
143225000 -164277.106044233
149978000 -156992.998024046
156729000 -160731.790995926
163476000 -166513.110643655
170225000 -174278.068293482
176981000 -173977.600219101
190476000 -179553.297170609
197225000 -182331.326997101
203977000 -186083.190214962
210728000 -180848.134803534
217480000 -182606.538468182
224230000 -182387.8324714
230992000 -187054.681580305
237735000 -197911.181223452
244488000 -198672.857782781
251241000 -192437.805776477
257992000 -186225.640233606
264741000 -188036.358248293
271500000 -201752.278364062
278255000 -200510.699973345
285010000 -199272.394955099
291763000 -205056.97349298
298513000 -208874.237288058
305266000 -207665.357241452
312018000 -202469.552268088
318770000 -200277.017760277
325522000 -197087.753718078
332274000 -202901.760141492
339028000 -197699.433627784
345774000 -197578.789253771
352529000 -201373.202937901
359287000 -202141.489250422
366041000 -203952.250896573
372801000 -204707.489274025
379633000 -198760.492923021
386497000 -209503.299488246
393327000 -212582.611280322
400188000 -215361.552773595
406951000 -213103.960040748
413738000 -215614.536215127
420565000 -214736.582710624
427379000 -208989.312446415
434205000 -205127.834497869
441033000 -198250.110326946
447841000 -199571.608552158
454657000 -197818.084464252
461478000 -202018.928549051
468306000 -195154.563291788
481954000 -192514.197872519
488781000 -205669.653167546
495606000 -204848.032924592
502439000 -201951.434416354
509271000 -196067.974800825
516101000 -188207.441606045
522941000 -192252.369792938
529773000 -197378.958389759
536607000 -203489.320355296
543453000 -205485.58826375
550281000 -203661.376159549
557110000 -202830.722502947
563938000 -201013.199896932
570774000 -202120.741181135
577601000 -206319.696088791
584426000 -204541.562714934
591249000 -199786.33812201
598070000 -200054.019373417
604891000 -199325.038274884
611719000 -194530.919850707
618541000 -194798.835828066
625365000 -194050.528113604
632189000 -186305.560986042
639043000 -188270.529042482
645863000 -187571.376532793
652695000 -192758.21029377
659519000 -187026.622157216
666341000 -191317.93104887
673152000 -184720.133618355
679970000 -192057.22335577
686788000 -192397.647808194
693608000 -197721.854446054
700427000 -194059.173530936
707248000 -196380.277736545
714083000 -191567.872443438
720916000 -198778.367126822
727753000 -200953.115952849
734620000 -202838.018396139
741445000 -199136.762580395
748273000 -196409.531300664
755486000 -190923.486310363
762317000 -193173.818613172
769139000 -190515.435973287
775947000 -192997.176965714
782767000 -198365.004469395
789585000 -204755.707403421
796417000 -197012.980593324
803253000 -190234.528610468
810083000 -182518.036426544
816907000 -181863.49522233
823739000 -175134.15916729
830559000 -170525.368812919
837394000 -182773.425874352
844224000 -182073.661599517
851059000 -176328.41893971
857882000 -177703.701401234
864710000 -178033.503518105
871534000 -176405.704141617
878368000 -178683.615243196
885207000 -178916.064129353
892036000 -170249.488600492
898864000 -174596.020095706
905688000 -167984.940297127
912511000 -159386.961646438
919339000 -166743.522245765
926163000 -163142.46567595
939804000 -163018.684517503
946636000 -168349.58137393
953466000 -166703.341900229
960289000 -158128.748824596
967121000 -155469.685561419
973946000 -154882.263798237
980769000 -162317.694929838
987591000 -160766.220844269
994420000 -158149.802589297
1001262000 -166409.925284624
1008089000 -153819.711775184
1014914000 -147252.348220348
1021744000 -137639.562604904
1035386000 -148599.562189937
1042205000 -152104.070972085
1049022000 -147631.416983724
1055846000 -153093.844779491
1062658000 -161676.610637188
1069476000 -150204.209536314
1076296000 -140715.645526886
1083115000 -143240.166511416
1089944000 -131670.544859409
1096767000 -130162.752748966
1103589000 -125668.047100067
1110401000 -123274.143727303
1117217000 -117844.585697651
1124032000 -119428.105813742
1130852000 -122966.2332201
1137672000 -129507.69729805
1144492000 -129052.49804759
1151311000 -128610.378899097
1158147000 -121005.965454817
1164971000 -126521.813755989
1171787000 -122118.938332796
1178600000 -122748.620086193
1185415000 -120362.149697542
1192218000 -126095.897033453
1199051000 -116540.764228106
1205875000 -109076.636468172
1212700000 -103606.110268354
1219545000 -106944.154912472
1226364000 -97538.7499129772
1233185000 -95117.2054924965
1240008000 -97679.5245871544
1246829000 -88264.6564457417
1253660000 -95755.7650699615
1260471000 -93444.9331133366
1267676000 -91301.8009119034
1274505000 -90822.5945258141
1281337000 -90317.5313158035
1288541000 -81194.9176445007
1295363000 -82794.064563036
1302175000 -76493.8761844635
1308989000 -76177.5524160862
1315805000 -83845.0961909294
1322622000 -85506.2415835857
1329436000 -82199.9126689434
1336256000 -78838.5335788727
1343458000 -75763.7610721588
1350262000 -84564.9087388515
1357079000 -81242.9047355652
1363895000 -79933.962649107
1370704000 -76696.4471611977
1377521000 -78384.439966917
1384331000 -69143.8535060883
1391143000 -72887.1414885521
1397948000 -67701.83847785
1404762000 -74432.3302385807
1411580000 -70127.2537651062
1418393000 -71874.1333580017
1425197000 -78711.8568165302
1432009000 -70475.1149559021
1438822000 -70231.9791386127
1445634000 -68001.8954634666
1452446000 -67775.1406362057
1459257000 -72561.435996294
1466121000 -68835.8542511463
1472924000 -76706.5941164494
1479739000 -80464.0155968666
1486553000 -74234.4882390499
1500180000 -71795.1443367004
1506994000 -68575.6088998318
1513801000 -65427.426248312
1520616000 -59204.8320589066
1527429000 -60005.0025475025
1534628000 -64058.1476857662
1541442000 -62855.4510381222
1548256000 -70656.085193634
1555064000 -65518.3369479179
1561873000 -76374.1996648312
1575486000 -58144.4678535461
1582301000 -56952.0308036804
1589110000 -53821.1976764202
1595936000 -53528.5943748951
1602749000 -48365.5772027969
1609555000 -50273.8637545109
1616370000 -46098.0826756954
1623184000 -46935.3429572582
1629995000 -52805.0613143444
1636805000 -47687.8161447048
1643619000 -38535.0654141903
1650435000 -43366.2302379608
1657256000 -46152.1921432018
1664076000 -50951.1983447075
1670894000 -39772.9535312653
1677702000 -37695.1001141071
1684516000 -37562.3405573368
1691385000 -28899.1539165974
1698191000 -25850.7164382935
1705003000 -28747.3796858788
1711818000 -25618.2621178627
1718649000 -24337.2326247692
1725466000 -18195.3819565773
1732281000 -14076.2685313225
1745893000 -12022.6509914398
1752706000 -13932.924684763
1759516000 -14875.6276013851
1766326000 -9821.65741157532
1773139000 -13741.9176495075
1779953000 -9655.80937933922
1786768000 -9563.33406805992
1793580000 -8503.28260469437
1800393000 -15436.8631224632
1807207000 -13364.0770876408
1814013000 -10372.18897295
1820825000 -4325.4514362812
1827638000 -2272.34783554077
1834450000 3767.73151612282
1841261000 -205.211915969849
1848093000 -7977.92085623741
1854911000 110.32040309906
1861733000 5233.99681401253
1868550000 -3694.12529063225
1875360000 -7693.42155337334
1882178000 -3618.51670837402
1888990000 2394.91035556793
1895803000 11414.6985936165
1902615000 16421.4674725533
1909438000 14531.4869954586
1916259000 13618.7898006439
1923078000 9683.37882423401
1929892000 14696.194270134
1936714000 15783.1756162643
1943527000 17779.6389465332
1950347000 24840.5752203465
1957168000 24907.8604428768
1963982000 24904.0120961666
1970796000 29896.8329465389
1977628000 36060.6377520561
1984448000 29104.8901786804
1991264000 31107.0732364655
1998074000 35047.8274216652
2004884000 36985.2547132969
2012078000 35637.1260023117
2018895000 18635.4802575111
2025713000 23640.1814792156
2032534000 23670.5886278152
2039350000 17649.2595028877
2046161000 15576.2014389038
2052975000 26528.8517463207
2059792000 28507.2060265541
2066611000 35501.5821080208
2073809000 28160.3064768314
2080622000 16089.7651908398
2087814000 17683.1972856522
2094625000 21586.459594965
2101461000 22728.2757847309
2108279000 22692.5935993195
2115095000 21634.2281167507
2121909000 21553.1822710037
2128723000 15468.8056218624
2135530000 20313.3883955479
2142344000 17222.3535618782
2149173000 21273.0656297207
2155985000 16156.0191419125
2162810000 20161.3650979996
2170014000 18828.4378066063
2176833000 14768.8958983421
2183651000 17696.3489236832
2190471000 7639.80500173569
2197283000 -4497.42275047302
2204474000 2026.15205478668
2211291000 7930.41835021973
2218110000 3850.68471240997
2224925000 2728.94973182678
2238549000 -1582.5081782341
2245365000 -9704.57062149048
2252183000 -17810.6369104385
2258991000 -17016.6775941849
2265796000 -19255.0336580276
2272604000 -21467.7227568626
2279423000 -12577.4492616653
2286242000 -12690.5114598274
2293067000 -17748.9402065277
2299877000 -12955.6260409355
2306688000 -6155.97822332382
2313501000 -9340.33815956116
2320319000 -15479.7300767899
2327126000 -9728.70659065247
2333932000 -2990.66566038132
2340750000 -10140.0504722595
2347564000 -5331.40045642853
2354381000 -1497.10986709595
2361195000 -5695.12292480469
2368013000 -3857.84219408035
2374839000 -946.650914669037
2381652000 835.68062877655
2388465000 -10385.3176541328
2395274000 -648.262528896332
2402090000 -8846.95739841461
2408901000 -3097.25109815598
2416107000 -8538.05162715912
2422927000 -9708.32419061661
2429738000 -6968.79889774323
2436555000 -174.694092273712
2443377000 -4335.66931724548
2450192000 4432.46506547928
2457007000 3197.26766729355
2463823000 4968.38776254654
2470637000 -8283.12247180939
2477831000 -3871.61595106125
2484650000 -4081.73464012146
2491463000 -353.072770118713
2498278000 6391.55287885666
2505097000 4171.43200206757
2511917000 -6042.3787446022
2518721000 -1413.85153007507
2525536000 -4682.55202674866
2532356000 -2906.36251306534
2539174000 2847.20259094238
2545990000 5578.14622068405
2552802000 2267.18552732468
2559626000 6068.60481023788
2566441000 -7220.09370470047
2573265000 -5425.35118865967
2580096000 -5566.46272516251
2586912000 -6855.5283613205
2593731000 -11119.0068907738
2600567000 -5221.95020341873
2607336000 -6974.05729913712
2614150000 -3295.71921634674
2620965000 -9611.07393455505
2627781000 -5920.12292098999
2634598000 3777.13235712051
2641416000 480.690432548523
2648236000 8200.1858830452
2655073000 8080.14910030365
2661879000 9658.07196903229
2668692000 15300.1138963699
2675518000 6064.06914615631
2682325000 3641.64347171783
2689133000 9225.52694606781
2695947000 15863.8812146187
2702756000 17450.7440123558
2709573000 7111.33405399323
2716390000 8768.59035921097
2723211000 15461.0355944633
2730027000 19101.9922924042
2736839000 21701.0974760056
2743651000 25296.8738121986
2750463000 30889.3213000298
2757288000 36603.6068310738
2764099000 32179.7625355721
2770912000 30771.8448596001
2777736000 35466.4916672707
2784543000 29994.1513643265
2791358000 27595.4933228493
2798175000 26212.7540783882
2804988000 27788.1818976402
2811802000 26369.9042019844
2818609000 20880.9289445877
2825421000 29436.7463960648
2832237000 22027.7263813019
2839049000 29576.8841819763
2852681000 26742.1842699051
2859496000 29310.2142858505
2866315000 28913.3941245079
2873125000 27426.6590633392
2879940000 31984.6942257881
2886756000 29549.016541481
2893577000 30158.098323822
2900385000 23638.809027195
2907198000 32164.2821302414
2914013000 34705.659365654
2920835000 32311.0202484131
2927648000 27826.4984984398
2934467000 18396.3399934769
2941287000 6972.46081781387
2948094000 -1579.74396562576
2954918000 -2971.83394575119
2961728000 -6501.85428953171
2968540000 -12015.9753918648
2975354000 -12514.2001852989
2982174000 -9958.0832452774
2988988000 -19462.9725780487
2995799000 -15000.0260491371
3002612000 -10521.1861457825
3016261000 -2352.47398519516
3023073000 1106.75604581833
3029888000 -6408.5167722702
3036704000 82.4868063926697
3043518000 4550.94224882126
3050336000 11054.4956870079
3057150000 4516.28756761551
3063959000 12926.7175350189
3070770000 18353.0330533981
3077583000 17795.2311902046
3084391000 23186.0757203102
3091204000 18621.6166496277
3098021000 12092.2428684235
3104842000 7597.94850921631
3112035000 5672.55315589905
3118844000 7056.17405509949
3125649000 12398.0618510246
3132459000 15784.6341791153
3139272000 18196.6820721626
3146083000 9586.19947719574
3152901000 17039.587905407
3159716000 25460.8435606956
3166537000 13936.3606181145
3173358000 15408.5400247574
3180167000 27762.2071576118
3186981000 25160.5353589058
3193796000 32565.1296653748
3200613000 29985.5850286484
3207430000 37402.7066555023
3214241000 34758.921898365
3221058000 38169.3789858818
3227864000 34470.9632358551
3234695000 41009.0738730431
3241508000 46371.1543421745
3255121000 56960.623196125
3261933000 67303.1285219193
3268737000 76565.5727462769
3275548000 75891.8332414627
3282742000 76887.943089962
3289553000 78207.3607091904
3296365000 77533.0400071144
3303178000 85864.9795179367
3310003000 93308.6520690918
3316827000 93739.3949718475
3323636000 97022.9833908081
3330452000 104370.355628014
3337266000 90695.2218737602
3344081000 99026.3434438705
3350891000 92306.2050418854
3357707000 96640.2506446838
3364530000 97038.0561103821
3371340000 96307.9277443886
3378154000 88612.8072166443
3384973000 90962.271853447
3391791000 94298.8180937767
3398604000 101584.118540287
3405422000 102913.997796059
3412232000 111163.89243412
3419059000 111573.332910061
3425886000 103979.429861546
3432701000 106267.226057529
3439561000 108982.75803566
3446359000 112101.029252052
3453169000 115330.924910069
3459985000 118614.960550308
3466792000 120809.467518806
3473594000 121952.766343117
3480411000 118236.391300201
3487263000 117851.837508678
3494461000 121776.987309933
3501276000 121031.257918835
3508085000 122224.750576973
3514900000 128472.360557556
3521711000 128678.345220089
3528518000 128842.710428238
3535378000 132511.08918047
3542164000 136467.770338058
3548982000 139727.433742523
3555800000 142983.762432575
3562618000 147236.756406784
3569437000 158495.985627174
3576258000 156771.018097401
3583073000 150985.299024105
3589886000 142177.11118269
3596699000 149365.593514919
3603524000 152665.556210995
3610349000 160962.177341461
3617164000 155159.7915411
3623967000 162239.2813797
3630784000 161449.36900425
3637602000 160665.687962055
3644418000 165859.543042183
3651613000 167674.851350307
3658431000 171880.982749462
3665240000 178997.71164465
3672053000 177149.365021229
3678866000 170297.688571453
3685682000 171471.367161274
3692498000 163641.712992191
3699310000 150770.483489513
3706117000 154848.124361515
3712944000 151113.634601116
3719759000 151261.091197968
3733378000 152440.868854046
3740216000 158798.162820816
3747044000 160056.530287743
3753850000 152101.305178642
3760658000 142161.869568825
3767479000 149343.33382225
3774284000 153368.576187611
3781101000 148505.153864861
3787919000 147647.952092171
3794727000 151691.877619743
3801550000 150875.77785635
3808369000 152018.127205849
3815185000 156128.483867645
3821999000 159216.404086113
3828866000 144807.215145588
3835669000 149783.388373852
3849297000 162935.872127533
3856108000 160978.469613075
3862928000 162103.679387569
3869746000 168206.455656052
3876945000 164943.652632236
3883758000 152991.836062908
3890576000 156084.424283504
3897378000 157020.934838295
3911000000 161055.816953659
3917815000 165106.446081638
3924640000 155249.188224792
3931467000 163407.676782131
3938283000 167457.843311787
3945098000 164495.13407135
3951911000 158510.008004189
3958716000 153445.215835571
3965529000 141453.434026718
3972337000 143410.617105484
3979157000 140478.962069988
3985975000 145524.890203953
3992790000 150538.864852905
3999607000 139568.585923195
4006422000 141575.896032333
4013243000 147637.103101254
4020060000 148656.821983337
4026872000 158625.521402359
4033687000 144619.501943588
4040491000 146505.252854347
4047302000 155454.432492256
4054506000 147147.608893394
4061323000 139147.148814201
4068140000 134143.354998589
4074959000 137155.294837475
4081775000 132135.299363136
4088585000 139054.774820805
4095398000 136999.520074368
4102213000 137959.99898386
4109029000 140926.677363873
4115837000 143813.776880264
4122656000 139802.384478092
4129476000 143797.186166763
4136291000 145741.004704475
4143109000 141710.077882767
4149919000 138599.589801311
4156739000 135581.05312109
4163536000 126340.050931931
4170357000 131324.379013538
4177209000 125600.68666172
4184025000 121530.694915771
4190839000 128438.319645882
4197654000 139352.138466835
4204466000 135234.05229044
4218086000 129949.799681187
4224895000 136793.160095692
4231707000 137661.761948109
4238520000 144536.556913853
4245360000 144665.101817608
4252174000 150542.7449193
4258990000 138436.098205566
4265804000 135307.078723431
4272622000 129212.806502342
4279434000 132058.085403919
4286248000 132919.072534084
4293067000 131824.319108963
4299882000 133688.159749031
4306713000 127700.941744804
4313532000 124596.177326679
4320364000 122611.786406994
4327175000 125424.219424725
4333995000 132318.960594654
4340811000 125172.306595802
4347637000 119117.461188316
4354461000 115040.245946884
4361287000 116978.716427803
4368109000 113875.793701172
4374913000 112598.313153267
4381726000 114403.11677742
4388543000 122242.635377884
4395359000 122069.309529305
4402172000 125864.12025547
4408994000 121741.188755989
4415815000 126605.409385681
4422634000 133447.27485466
4429460000 135352.362485886
4436280000 132197.060921669
4443091000 136952.857102394
4449905000 137733.845808983
4456720000 130521.01002121
4463538000 131333.359913826
4470349000 132075.837771416
4477169000 135900.531342506
4483983000 135664.862122536
4490826000 132701.474147797
4497640000 136459.129144669
4504452000 130194.44756794
4511262000 124907.432351112
4518084000 123731.113131523
4524899000 127484.945357323
4531720000 126292.451377869
4538536000 128049.117547989
4545350000 115783.451057434
4552162000 109495.454836845
4558983000 107289.62053299
4565792000 113966.46676445
4572606000 113687.477060318
4579416000 114367.166523933
4586227000 114053.02611351
4593040000 122754.550891876
4599862000 121538.210213661
4606675000 115233.070941925
4613492000 121962.5820961
4620310000 120698.254088402
4627120000 117354.638685226
4633938000 118083.645160675
4640757000 114818.810028076
4647572000 115512.668729782
4654391000 107241.164167404
4661205000 99918.8657121658
4668019000 94593.2364530563
4674830000 98235.8044033051
4681645000 102913.005178452
4688454000 108529.936061859
4695274000 118247.922189713
4702091000 117934.10552597
4715742000 127457.76237011
4722550000 127048.551030159
4729369000 129740.369007111
4736194000 128485.768856049
4743009000 126132.969425201
4749828000 129814.779344559
4756647000 131493.253570557
4763455000 137064.064751625
4770267000 133669.48625946
4777079000 143271.578919411
4790697000 143408.883589745
4797564000 147522.494944572
4804369000 155044.878677368
4811179000 153611.344808578
4817989000 153174.484046936
4824809000 158829.095430374
4831628000 165470.890727997
4838442000 152061.955705643
4845262000 159706.560499191
4852082000 163347.828620911
4858902000 161985.760071754
4865717000 151572.970006943
4872543000 158261.089437485
4879360000 163860.582413673
4886224000 166902.090134621
4893033000 168419.092578888
4899849000 166999.090751648
4906663000 166556.808102608
4913480000 168139.615278244
4920290000 162652.777339935
4927489000 164847.435097694
4934298000 173344.281285286
4941117000 172932.517158508
4947927000 172432.177699089
4954742000 174975.86425972
4961562000 173563.569506645
4968379000 161119.529269218
4975198000 166691.093524933
4982019000 165278.25934124
4989212000 168384.229335785
4996022000 168860.393993378
5002841000 160418.435949326
5009648000 159859.542490959
5016462000 167363.5881567
5023287000 171968.425343513
5030105000 171503.664731979
5036921000 174016.640029907
5043736000 167516.818371773
5050547000 165975.810092926
5057365000 166497.716490746
5064174000 167931.123585701
5070983000 165361.204764366
5084623000 173419.53722477
5091443000 169943.698448181
5098257000 177407.761277199
5105069000 183849.573705673
5111887000 182344.813144684
5118706000 182846.176688194
5125525000 186344.204539299
5132345000 182848.354538918
5145964000 189648.050376892
5152780000 196104.375132561
5159980000 188188.422438622
5166801000 192685.170767784
5173624000 198197.491208076
5180432000 203564.656164169
5187277000 198278.290575027
5194095000 194733.321705818
5200909000 194147.206429482
5207725000 202576.665218353
5214538000 205974.435412407
5221351000 207368.875780106
5228167000 197788.339226723
5234978000 201157.217517853
5241794000 209570.017891884
5248629000 210159.02602005
5255441000 215527.355541229
5262260000 210958.49587059
5269073000 210329.612308502
5275886000 205697.398920059
5282695000 208024.067481995
5289508000 203385.196397781
5296319000 209724.103330612
5303121000 203974.672076225
5309960000 204571.390499115
5316784000 200023.084481239
5323599000 195386.440781593
5330396000 185576.479897499
5337214000 183961.510872841
5344018000 187211.009941101
5350833000 179561.051829338
5357646000 185888.87857914
5364454000 186166.169548035
5371273000 185543.983302116
5378098000 189975.102636337
5384910000 197280.164006233
5391722000 199581.89652729
5398534000 206880.300200462
5405352000 210232.0045681
5412173000 211608.687524796
5418986000 212906.534602165
5425792000 218134.994318962
5432607000 207445.057769775
5439426000 213789.532691956
5446238000 218064.624652863
5453055000 219383.561942101
5459868000 212661.428110123
5466686000 220983.133739471
5473496000 229226.037707329
5480310000 227503.346301079
5487121000 227749.026917458
5493939000 227057.402979851
5500754000 225334.15008831
5507584000 227749.029273033
5514396000 228990.814183235
5521214000 231285.849918365
5528029000 228549.262569427
5534845000 230818.772407532
5541664000 226113.234922409
5548474000 229319.509838104
5555286000 238541.312861443
5562106000 239835.203136444
5568923000 242097.477169991
5575735000 241309.287297249
5582548000 248527.194120407
5589361000 245741.771119118
5596180000 246009.565698624
5602994000 241226.904191971
5609803000 243393.793931007
5616623000 251661.011870384
5623434000 255840.08962822
5630247000 253034.68376255
5643870000 254385.619115829
5650680000 262541.963265419
5657495000 261742.081368446
5664305000 264891.769288063
5671121000 261094.645464897
5677940000 252322.444990158
5684762000 255575.163462639
5691596000 258937.55598259
5698411000 263117.670688629
5705226000 257294.453614235
5712048000 258533.818549156
5718861000 261685.102956772
5725672000 258814.226982117
5732487000 251977.682293892
5739318000 252288.434623718
5752928000 259410.404254913
5759739000 259522.883062363
5766560000 262726.157452583
5773378000 270897.858625412
5780193000 273037.990983009
5787006000 280155.969802856
5793824000 275317.670742989
5800641000 277466.627069473
5807455000 282584.021424294
5814283000 272829.809885979
5821095000 269921.718925476
5827916000 278094.970611572
5834718000 287086.143004417
5841542000 293280.949586868
5848358000 292397.163767815
5855170000 300472.421236038
5861984000 296563.160855293
5868800000 304669.379693031
5875616000 306772.26577282
5882448000 290022.283607483
5889268000 283156.110515594
5896077000 283183.167163849
5902894000 284282.118415833
5909707000 278340.127628326
5916522000 276413.610189438
5923339000 279502.563165665
5930157000 285597.583013535
5936973000 289670.467907906
5943819000 282022.008944511
5950640000 281135.209350586
5957452000 282160.484251022
5964259000 281135.439491272
5971067000 280116.468441963
5977872000 285065.980895042
5984684000 279077.948221207
5991505000 279171.152575493
5998341000 268401.955052376
6005154000 268413.314937592
6011970000 268449.529215813
6018785000 273473.016485214
6025601000 267502.565735817
6032416000 258519.388954163
6039236000 257579.844312668
6046042000 260505.47086525
6052852000 256465.341661453
6059662000 253421.88556385
6066484000 253487.792529106
6073300000 256494.018824577
6080114000 257478.132658005
6086923000 267411.968874931
6093735000 268370.645797729
6100551000 271363.54741478
6107369000 266371.892065048
6114180000 260311.190149307
6120994000 261275.321119308
6127810000 260254.894145966
6134610000 267080.959347725
6141420000 257997.56196022
6148233000 262938.992572784
6155042000 253839.555455208
6161865000 260868.168245316
6175495000 265765.246864319
6182309000 266699.405982018
6189120000 267602.088202477
6195944000 266623.40260601
6202755000 274519.4227314
6209573000 261477.778940201
6216387000 265395.28013134
6223199000 253290.691345215
6230014000 251210.911005974
6236830000 241137.177495003
6244030000 244661.304097176
6250851000 245627.605324745
6257674000 242609.323129654
6264490000 234522.064954758
6271302000 235393.969477654
6278111000 226234.418208122
6284930000 227165.292612076
6291723000 227849.089892387
6298531000 221670.189620018
6305342000 213516.085492134
6312157000 203396.146314621
6318972000 202272.875356674
6325805000 205314.97270298
6332614000 203128.798957825
6339424000 204948.670543671
6346234000 209765.21523571
6353049000 214625.284395218
6359862000 220463.282207489
6366680000 216344.796665192
6373490000 214148.025966644
6387152000 225137.952619553
6393971000 229015.486751556
6400788000 233870.951494217
6407602000 232694.983426094
6414411000 226468.855204582
6421227000 225304.958735466
6428046000 226165.824183464
6434868000 223051.447147369
6441694000 219971.187132835
6448519000 221878.221150398
6455327000 226622.743720055
6462132000 226335.854011536
6468946000 229129.899914742
6475759000 231911.253546715
6482568000 233651.83343029
6489381000 238426.52936554
6496187000 241132.375451088
6503020000 238087.605439186
6509843000 230945.895787239
6516663000 239772.770922661
6523489000 231652.457659721
6530311000 236491.371627808
6543929000 234915.91265583
6550741000 236651.262565613
6557556000 230411.350430489
6564373000 230186.816739082
6571193000 234987.013180733
6578010000 237755.810547829
6584842000 242661.578843117
6591654000 238376.935626984
6598477000 228191.842889786
6612130000 228877.100396156
6618946000 227616.527029991
6625760000 211333.919488907
6632569000 221001.230044365
6639383000 218711.963340759
6646195000 219400.667348862
6653008000 220095.391263008
6659862000 229170.064153671
6666651000 226633.761798859
6673470000 216374.571642876
6680285000 216074.658606529
6687103000 225799.452713013
6693923000 225539.603742599
6700747000 225313.799417496
6707564000 219019.240626335
6714389000 222796.10290432
6721206000 221494.872727394
6728026000 226218.33893013
6734837000 218854.382514
6741643000 221440.386250496
6748449000 224023.067000389
6755264000 221686.49752903
6762085000 221402.641852379
6768901000 214068.746326447
6775718000 219740.857992172
6782527000 211334.92022419
6789340000 200963.012435913
6796150000 201559.759366035
6802969000 201237.22136879
6809783000 199864.660143852
6816605000 201563.464259148
6823415000 205146.891401291
6830229000 206764.335810661
6837034000 208294.429450035
6843848000 193905.216653824
6850665000 200540.676775932
6857483000 204182.137248993
6864303000 204838.930196762
6871128000 210539.052006721
6877941000 216123.840844154
6884757000 217733.296242714
6891576000 221367.41380024
6898386000 224914.215310097
6905199000 221485.681912422
6912012000 216053.818689346
6918822000 214590.636586189
6925640000 218198.76115799
6932456000 210784.893601418
6939267000 209321.052194595
6946087000 202937.832483292
6952894000 201430.021974564
6959711000 201012.155024529
6966515000 203469.712917328
6973328000 189007.881752014
6980141000 192542.720761299
6986949000 182027.605956078
6993763000 175565.112067223
7000572000 177052.668272972
7007376000 169490.28190136
7014188000 167999.157247543
7021029000 174775.052008629
7027840000 176267.93362236
7034649000 174738.844614029
7041467000 177290.317671776
7048285000 181838.45601368
7055097000 179327.340189934
7061912000 177840.853777885
7068728000 176360.354516029
7075550000 169932.433145523
7082364000 172426.629527092
7089176000 166898.86017704
7095991000 161395.712903976
7102803000 169861.284391403
7109619000 169360.791021347
7116428000 168791.756329536
7123238000 163228.710741997
7130058000 162755.483578682
7136877000 161269.605701447
7143689000 154715.197257996
7150502000 155166.773031235
7157316000 154624.331554413
7164119000 158976.126310349
7170940000 143492.209797859
7177777000 150153.933374405
7184592000 152607.470016479
7191398000 153973.883700371
7198208000 161374.21296978
7205021000 158799.142806053
7211836000 159239.360146523
7218646000 162629.704826355
7225455000 163007.414922714
7232273000 161465.563895226
7239087000 159883.151312828
7245905000 154334.6328125
7252718000 156736.250936508
7259529000 154115.928749084
7266341000 148501.583444595
7273153000 153883.909292221
7279964000 149253.602514267
7286787000 152731.607327461
7293598000 159094.638944626
7300417000 153528.761175156
7307233000 137931.642249107
7314043000 139275.382568359
7320855000 147634.397681236
7327676000 147073.787144661
7334485000 147398.240564346
7341299000 149765.864956856
7348112000 144120.859657288
7354929000 142509.718131065
7361739000 148830.157492638
7368559000 147240.244182587
7375419000 155018.871456146
7389058000 157813.026389122
7395897000 150386.361082077
7402722000 148826.210896492
7409540000 143197.657770157
7416356000 149547.181943893
7429958000 151957.441521645
7436791000 148454.955060959
7443619000 142902.659009933
7450446000 144337.726906776
7457274000 143778.742337227
7464047000 134705.431912422
7470876000 136149.075357437
7477665000 136217.789571762
7484464000 134376.088456154
7491285000 135735.420800209
7498107000 135100.703621864
7504926000 133434.784896851
7511740000 123719.094725609
7518558000 126037.220398903
7525376000 124352.011357307
7532200000 122719.181699753
7539008000 130934.448350906
7545816000 139146.39006424
7552638000 136484.985877037
7566329000 117588.473721504
7573155000 113954.161626816
7579988000 114381.482772827
7586804000 106647.664505959
7593617000 104882.669650078
7600430000 98114.3449687958
7607251000 96416.9328546524
7614073000 89725.4629011154
7620891000 86993.5370368958
7627709000 74258.2764577866
7634522000 79473.2894515991
7641306000 68415.9148292542
7648078000 53243.9102296829
7654889000 59430.4141960144
7661710000 62706.3542175293
7668531000 63978.9565887451
7675361000 54331.7000284195
7682192000 59690.3719272614
7688973000 68581.9746513367
7695731000 56256.9778862
7702526000 47271.8230648041
7709349000 40542.9993095398
7716177000 41857.1983718872
7723010000 46214.4129047394
7729835000 44494.1059932709
7736666000 48826.083609581
7743493000 49117.6316795349
7750324000 52442.9163684845
7757149000 48709.2363405228
7770722000 32518.1717557907
7777494000 25283.2962636948
7784321000 20554.8488130569
7791147000 18813.7907323837
7797981000 13143.5230398178
7804800000 8330.91306114197
7811622000 3542.7643032074
7818453000 -2165.33674907684
7825272000 -6987.961145401
7832103000 -12702.7512044907
7838918000 -19569.1075754166
7852432000 -26386.2895755768
7859235000 -30373.7312402725
7866028000 -44457.1103096008
7872811000 -36636.4121637344
7879590000 -30856.0576305389
7886360000 -32162.342256546
7899963000 -39201.4392080307
7906741000 -40443.5476913452
7913526000 -38624.1435823441
7920300000 -36909.878238678
7927098000 -32976.7281904221
7933887000 -28130.2051229477
7940658000 -38453.6033115387
7947450000 -35585.9166088104
7954251000 -37638.2405786514
7961001000 -42165.8835763931
7967778000 -41446.9253120422
7974549000 -47786.7854757309
7981334000 -54000.3860445023
7988126000 -61152.5182914734
7994924000 -64252.4449367523
8001722000 -73355.6867618561
8008532000 -77351.2256155014
8015337000 -79396.3464813232
8022138000 -74481.7915019989
8028933000 -73626.0549192429
8035733000 -74727.3827838898
8042503000 -67109.5000038147
8049294000 -69300.6847848892
8056059000 -67735.6285667419
8062836000 -68062.8840169907
8069639000 -76153.0088310242
8076417000 -75477.6197376251
8083199000 -86768.541721344
8089978000 -97090.5003051758
8096768000 -105314.058553696
8103559000 -104531.679487228
8110312000 -111103.88873291
8117085000 -105494.494901657
8123867000 -100805.202762604
8130688000 -112758.742951393
8137473000 -114048.342184067
8144285000 -108091.716015816
8151052000 -104554.276591301
8157879000 -111465.674144745
8164693000 -119500.539242744
8171514000 -112474.056399345
8178330000 -115497.107862473
8185146000 -105523.492083549
8191962000 -104553.209064484
8198778000 -101586.258803368
8212376000 -113976.410740852
8219146000 -107444.316605568
8225965000 -108462.950520515
8232787000 -109457.213853836
8239547000 -110027.381943703
8246310000 -105573.124889374
8253057000 -107269.892485619
8259810000 -104914.524786949
8266630000 -111943.817570686
8273454000 -111939.51699543
8280276000 -115957.02104187
8287101000 -119950.169132233
8293925000 -116955.889827728
8300731000 -127131.101008415
8307487000 -119771.138382912
8314292000 -120962.200702667
8321110000 -125036.606873512
8327930000 -129095.890561104
8334713000 -124499.95104599
8341479000 -119064.181751251
8348241000 -115668.605068207
8355066000 -114695.029279709
8361903000 -113614.081103325
8368729000 -107637.968649864
8375556000 -120655.973557472
8382381000 -118695.77137661
8389208000 -120720.462353706
8396040000 -125702.378288269
8402869000 -123715.312316895
8409732000 -124418.018928528
8416559000 -118456.105064392
8423378000 -121571.308739662
8430178000 -126865.052118301
8436932000 -134586.268428802
8443784000 -127407.168538094
8450597000 -122591.008834839
8457395000 -123916.468628883
8464193000 -124245.243601799
8470967000 -129798.573852539
8477735000 -133410.503031731
8484490000 -135145.543976784
8491277000 -131588.918053627
8498084000 -130851.268714905
8504862000 -137384.20460701
8518460000 -132072.936315536
8525270000 -138320.917527199
8532085000 -139526.155862808
8538897000 -132762.366374016
8545692000 -128158.526345253
8552482000 -132604.061022758
8559275000 -127025.26707077
8566079000 -136348.456751823
8572886000 -129647.334385872
8579647000 -128373.220835686
8586454000 -122678.723934174
8593248000 -124107.275350571
8600055000 -120419.420026779
8606861000 -123744.09725666
8613671000 -132035.265067101
8620484000 -133302.13693428
8627305000 -145498.681640625
8634114000 -141809.043606758
8640923000 -148122.731489182
8647723000 -146522.596211433
8654498000 -147155.907349586
8661304000 -142507.166032791
8668101000 -143944.585466385
8674914000 -136238.059770584
8681721000 -137590.083217621
8688524000 -136982.241552353
8695341000 -134248.888544083
8702145000 -127638.492073059
8708945000 -133068.221700668
8715770000 -123271.249013901
8722584000 -124578.821058273
8729386000 -132000.12150383
8736193000 -134378.744466782
8743023000 -129549.118476868
8749842000 -124824.02060318
8756676000 -118964.290781021
8763493000 -120264.266336441
8770305000 -127613.559955597
8777125000 -139892.611412048
8783940000 -138220.978975296
8790760000 -136506.701332092
8797569000 -134896.904352188
8804383000 -128244.46118927
8811199000 -128576.960968018
8817980000 -128234.56401825
8824800000 -126536.940378189
8831613000 -123907.000673294
8838435000 -132197.662996292
8845252000 -131537.621389389
8852002000 -131496.710618973
8858793000 -122082.257131577
8865581000 -121698.682088852
8872356000 -120437.876541138
8879156000 -130950.637357712
8885980000 -130246.189687729
8892792000 -125655.33953476
8899599000 -120113.756174088
8906407000 -120566.309677124
8913232000 -130866.015714645
8920039000 -136334.41352272
8926857000 -131705.093315125
8940540000 -132024.778301239
8947355000 -133433.037715912
8954139000 -134129.322860718
8960932000 -136746.260837555
8967751000 -134127.758882523
8974539000 -131797.241203308
8981315000 -140580.209680557
8988131000 -143999.222320557
8994975000 -158164.506765366
9001796000 -163544.29732132
9008615000 -164945.785066605
9015415000 -164525.014835358
9022213000 -172125.919319153
9029020000 -167647.534233093
9035837000 -160080.694946289
9042650000 -153553.898704529
9049471000 -154957.01758194
9056281000 -161464.413949966
9063104000 -171855.851026535
9070315000 -165690.589321136
9077130000 -163162.294353485
9083950000 -164591.459341049
9090771000 -161014.787124634
9097586000 -165496.49287796
9104395000 -163036.5677948
9118020000 -154062.491939545
9124792000 -154951.89106369
9131590000 -157606.135408401
9138381000 -161327.888153076
9145526000 -156806.783403397
9152333000 -160388.613960266
9159165000 -171744.544237137
9166001000 -180067.149021149
9172840000 -180365.602190018
9179679000 -175667.410646439
9186525000 -170908.405347824
9193363000 -179226.094331741
9200203000 -182528.80557251
9207037000 -182889.866292953
9213880000 -182171.791999817
9220715000 -188530.393346786
9227933000 -193382.515134811
9234828000 -186198.194414139
9241696000 -190264.686435699
9248533000 -191618.601522446
9255369000 -190985.032001495
9262208000 -192327.330097198
9269015000 -195966.138278961
9275801000 -199800.643045425
9282633000 -203217.086084366
9289453000 -195746.793010712
9296273000 -196279.836610794
9303091000 -200834.534170151
9309915000 -206337.617515564
9316736000 -202871.514440536
9323560000 -196381.277492523
9330393000 -202811.970956802
9337224000 -198264.326215744
9344040000 -203857.364507675
9350860000 -201417.114688873
9357672000 -201053.439369202
9364489000 -204647.321697235
9371310000 -213207.922761917
9378126000 -214817.627782822
9384946000 -218394.05447197
9398578000 -230630.132217407
9405402000 -239179.959789276
9412220000 -236788.032838821
9419033000 -239445.192237854
9425854000 -234032.482759476
9432669000 -235678.007022858
9439491000 -238262.821050644
9446303000 -234942.457406998
9459948000 -247119.621425629
9466774000 -246681.197957993
9473605000 -241200.384973526
9480434000 -244741.211275101
9487250000 -252404.273685455
9494068000 -259052.378965378
9500889000 -264676.385597229
9507713000 -266276.29798317
9514557000 -262696.681459427
9521383000 -255284.998842239
9528212000 -260849.231285095
9535036000 -256462.519235611
9541875000 -265942.02504921
9548699000 -264562.001516342
9555521000 -267203.599639893
9562347000 -272811.976211548
9569173000 -279423.695325851
9575991000 -287111.869520187
9582808000 -296812.51700592
9589612000 -299635.293390274
9596436000 -303278.638788223
9603268000 -298852.227891922
9610076000 -299648.444318771
9616867000 -294603.299964905
9623697000 -290205.173770905
9630529000 -284792.123729706
9637359000 -278400.691444397
9644182000 -276076.544843674
9651006000 -274746.604167938
9657853000 -284209.940587997
9664670000 -293950.621276855
9671460000 -297941.205574036
9678256000 -295880.306863785
9685074000 -294621.834049225
9692281000 -296814.838645935
9699086000 -303681.918592453
9705902000 -302451.893321991
9712727000 -307143.037485123
9719561000 -315755.364305496
9726394000 -310380.169786453
9733208000 -308181.752641678
9740027000 -301941.029802322
9746878000 -307411.584764481
9753706000 -301095.412097931
9760530000 -300819.087249756
9767353000 -298555.228328705
9774179000 -314267.334466934
9781000000 -315028.404947281
9787807000 -315920.547281265
9794596000 -321980.234489441
9801341000 -334444.635681152
9808087000 -341903.17814064
9814862000 -337100.449230194
9821678000 -338927.033918381
9828481000 -341875.523761749
9835287000 -352799.972265244
9842106000 -353609.184051514
9848918000 -353485.567947388
9855738000 -347292.328699112
9862556000 -346120.663141251
9869364000 -353043.512506485
9876189000 -346814.688766479
9883000000 -342716.845184326
9889815000 -342585.863258362
9896649000 -345285.007884979
9903468000 -347124.23651123
9910226000 -348522.821174622
9917038000 -345432.493551254
9923851000 -346336.380666733
9930649000 -353380.301967621
9937437000 -353518.6698246
9944234000 -356578.329259872
9951053000 -362440.835336685
9957882000 -356215.560396194
9964699000 -355102.965114594
9971517000 -353984.592880249
9978302000 -352170.192127228
9985113000 -351122.241203308
9991943000 -350904.542812347
9998763000 -344781.278261185
10005582000 -354670.45863533
10012391000 -350654.052305222
10019217000 -341486.148273468
10026028000 -347458.188518524
10032854000 -343296.96223259
10039672000 -341211.924915314
10053313000 -353006.330307007
10060136000 -348885.77790451
10066965000 -346713.94203186
10073740000 -356037.032968521
10080558000 -354971.993185043
10087375000 -350919.3904953
10094180000 -341979.344261169
10101001000 -350896.997560501
10107820000 -355836.190340042
10114626000 -357897.024354935
10121375000 -354479.877967834
10128114000 -350156.993728638
10135247000 -350252.376506805
10141993000 -351872.509263992
10148789000 -345041.007785797
10155611000 -341976.284862518
10162421000 -349024.064538956
10169239000 -352002.399036407
10176060000 -344956.780189514
10182887000 -344859.925811768
10189698000 -338911.93560791
10196521000 -343858.138650894
10203346000 -340789.493175507
10210169000 -334742.376411438
10216989000 -338725.878505707
10223817000 -343639.976520538
10230636000 -344639.247976303
10237463000 -349569.122203827
10244284000 -343556.886711121
10251112000 -343484.354413986
10257943000 -343387.896184921
10264778000 -343258.426778793
10271602000 -357232.289554596
10278427000 -357200.404243469
10285255000 -356144.595935822
10292074000 -359173.921405792
10298896000 -362179.32094574
10305698000 -360369.793493271
10312522000 -355363.688043594
10319325000 -362551.723747253
10326142000 -360615.885959625
10332984000 -356456.26282692
10339785000 -352672.453121185
10346609000 -351683.034448624
10353430000 -356724.206249237
10360252000 -356759.632894516
10367082000 -353725.739637375
10373903000 -362776.929281235
10380724000 -362831.456573486
10387546000 -359880.240671158
10394327000 -358304.6581707
10401152000 -357332.8598423
10407976000 -357373.482463837
10414805000 -354372.051206589
10421623000 -354473.827869415
10428417000 -348796.809215546
10435159000 -354595.128240585
10441953000 -354924.706802368
10448796000 -347812.850296021
10455618000 -346894.948249817
10462445000 -342935.007457733
10469270000 -346996.560161591
10476088000 -346124.975904465
10482916000 -346165.986289978
10489739000 -340255.708768845
10496610000 -337913.265604019
10503765000 -343997.61318779
10510587000 -336106.612504959
10517405000 -338255.236581802
10524221000 -337425.337459564
10531039000 -344580.629985809
10537898000 -339367.384609222
10544718000 -345511.227474213
10551535000 -355685.614261627
10558357000 -360817.991811752
10565194000 -365817.686418533
10572019000 -371929.545722961
10578844000 -370044.746593475
10585673000 -366127.022489548
10592494000 -369285.173030853
10599324000 -365365.070320129
10606155000 -369439.248905182
10612983000 -368543.968963623
10619807000 -367688.290267944
10626637000 -367781.569982529
10633464000 -364905.385778427
10640295000 -356996.294231415
10647130000 -373054.301223755
10653954000 -366215.338680267
10660783000 -363334.410490036
10667633000 -361266.551898956
10674466000 -351356.083902359
10681303000 -348412.726207733
10688141000 -344463.662557602
10694979000 -343517.953212738
10701810000 -346639.00630188
10708645000 -346727.175579071
10722285000 -351185.273248672
10729120000 -345283.481912613
10735944000 -341484.656345367
10742780000 -339580.506980896
10749618000 -336661.600214005
10756441000 -342881.863517761
10763273000 -346023.981376648
10770105000 -347169.447656631
10776953000 -342173.415740967
10783785000 -336325.586711884
10790619000 -334463.002241135
10797462000 -333522.305171967
10811111000 -328985.855758667
10817949000 -332100.468034744
10824790000 -332191.286172867
10831629000 -337303.55954361
10838472000 -340382.99420166
10845291000 -338682.940317154
10852123000 -338868.604347229
10858922000 -331356.16885376
10865761000 -320485.187761307
10872585000 -326753.252742767
10879418000 -326943.248243332
10886243000 -327208.95372963
10893066000 -328496.089952469
10899895000 -327732.301216125
10906719000 -328017.075984955
10913541000 -334323.27756691
10920369000 -340578.562030792
10927195000 -343855.275268555
10934020000 -341144.372694016
10940847000 -342418.729375839
10947667000 -340759.71424675
10954498000 -343004.59384346
10961316000 -339370.336812973
10968138000 -336703.257707596
10974964000 -343003.362394333
10981800000 -343216.427442551
10988643000 -338369.58074379
10995472000 -339652.61457634
11002298000 -339966.104133606
11009119000 -338328.117527008
11015936000 -347729.61164856
11022749000 -348170.580627441
11029573000 -351515.49672699
11036394000 -348890.856319427
11043218000 -344242.452121735
11050048000 -339543.188579559
11056878000 -341847.271501541
11063708000 -340154.700883865
11070531000 -338528.699701309
11077352000 -332924.100851059
11084177000 -327286.716154099
11090993000 -323733.946485519
11097828000 -325012.941566467
11104665000 -317277.229204178
11111488000 -316671.274965286
11118314000 -311041.575059891
11125144000 -305379.105958939
11138804000 -295064.207149506
11145631000 -291438.856834412
11152454000 -291852.953948975
11159289000 -292162.084838867
11166113000 -294573.842042923
11172893000 -297386.018190384
11179666000 -293264.660146713
11186479000 -297785.65148735
11193251000 -301679.917610168
11199982000 -299947.398759842
11206791000 -294514.407772064
11213524000 -288770.383701324
11220274000 -285876.252826691
11227037000 -287868.122344971
11233832000 -283574.628538132
11241011000 -281820.906467438
11247774000 -272822.836727142
11254587000 -271377.115573883
11261410000 -269844.542642593
11268232000 -263324.326992035
11275050000 -262843.518693924
11281868000 -262366.045110703
11288684000 -257909.938648224
11295493000 -257520.274944305
11302318000 -264989.69355011
11309136000 -258525.556869507
11315963000 -258983.626686096
11322777000 -255562.218866348
11329601000 -256054.009168625
11336408000 -251702.357297897
11343238000 -244146.746713638
11350047000 -234783.730400085
11363680000 -232932.51316452
11370878000 -229074.467195511
11377701000 -227598.814439774
11384539000 -219991.361379623
11391375000 -218405.280302048
11398190000 -215011.726846695
11404997000 -210693.56804657
11411800000 -208414.762691498
11418630000 -198896.09157753
11425462000 -190362.754146576
11432276000 -179994.871366501
11439098000 -172558.276086807
11445927000 -172061.984972
11452713000 -172956.230026245
11459511000 -164745.731180191
11466332000 -156331.467935562
11473154000 -156911.53937149
11479968000 -148566.96928215
11486787000 -144180.72003746
11493629000 -145590.771944046
11500459000 -140112.19421196
11507290000 -132627.962421417
11514116000 -131192.078227997
11520942000 -129759.536581039
11527775000 -130267.344120026
11534610000 -132760.503938675
11541446000 -134248.017053604
11548324000 -137360.984207153
11555142000 -145017.170185089
11561979000 -137505.755508423
11568814000 -143015.686372757
11575650000 -136519.972988129
11596101000 -129565.613325119
11602926000 -127182.211626053
11609766000 -135667.253944397
11616594000 -137263.564682007
11623434000 -136755.313652039
11630258000 -135394.286073685
11637082000 -133036.599082947
11643910000 -128646.289798737
11650740000 -126241.344556808
11657947000 -118450.618822098
11664772000 -119097.497341156
11671599000 -112729.739959717
11678425000 -113374.314346313
11685253000 -107004.25576973
11692085000 -108601.592639923
11698909000 -106274.17212677
11705727000 -106004.009914398
11712939000 -97196.7841873169
11719763000 -91879.5724372864
11726590000 -87538.7469081879
11733411000 -82255.1707019806
11740247000 -78840.1749973297
11747067000 -74572.2647476196
11753881000 -70361.5881576538
11760706000 -71055.4366073608
11767514000 -65905.3181190491
11774340000 -65596.8600139618
11781170000 -73255.8209609985
11787995000 -73963.0302886963
11794812000 -71745.4203414917
11801643000 -76405.4324550629
11808477000 -73041.855266571
11815300000 -69780.3911380768
11822137000 -67396.5755233765
11828934000 -69375.2110595703
11835751000 -64177.6216259003
11842565000 -58010.2953357697
11849395000 -59702.6841716766
11856219000 -59452.2724075317
11863037000 -66259.0512332916
11869854000 -60078.1392879486
11876674000 -66873.6390094757
11883499000 -74627.6077384949
11890318000 -72438.7562923431
11897132000 -75298.103313446
11903937000 -75241.5297336578
11910756000 -66062.6760749817
11917576000 -61878.1870193481
11924397000 -67688.064037323
11931220000 -61483.3384857178
11938042000 -69290.9221630096
11944864000 -72101.8444690704
11951678000 -78987.8545360565
11958493000 -80868.2272510529
11978918000 -75708.6698226929
11985733000 -68602.3598861694
11992551000 -65472.4846000671
11999374000 -63301.1179275513
12006193000 -62168.9497871399
12019815000 -47058.0406341553
12026639000 -41891.0554237366
12033453000 -45817.0385513306
12040653000 -46286.9152088165
12047471000 -45183.9015464783
12054291000 -38066.300037384
12061114000 -35925.1528244019
12067936000 -37796.3055229187
12074757000 -39679.7566604614
12081574000 -44602.3827438354
12088394000 -47501.4660606384
12095218000 -45368.0526695251
12102034000 -59309.6427078247
12108851000 -59245.6081390381
12115682000 -51059.5110263824
12122500000 -48993.1943912506
12129319000 -45921.2565689087
12136145000 -38789.9665813446
12142967000 -49697.8388137817
12149789000 -44609.0496749878
12156609000 -47541.5070476532
12163429000 -46477.3010902405
12170253000 -43380.6199550629
12177068000 -43367.8516616821
12183897000 -41233.0873813629
12197548000 -38036.2522945404
12204369000 -39983.1251468658
12211570000 -43532.3313236237
12218385000 -41539.7624721527
12225190000 -42640.0156021118
12232005000 -38654.1054229736
12238823000 -32644.6828956604
12245650000 -29558.0671043396
12252464000 -24591.1066646576
12259293000 -22493.2784061432
12266112000 -22488.2564811707
12272930000 -14495.5158424377
12279755000 -14443.4941730499
12286571000 -17475.3156242371
12293388000 -27501.5257034302
12307075000 -30089.9602108002
12314285000 -32611.738576889
12321112000 -37562.0803165436
12327986000 -40095.5081176758
12334791000 -44249.2653884888
12341608000 -47299.0566310883
12348441000 -45209.1387367249
12355264000 -39211.9671421051
12362086000 -30227.0743522644
12368919000 -27147.1943798065
12375741000 -25168.9842300415
12382562000 -21203.0504436493
12389386000 -21213.6425800323
12396218000 -27156.081287384
12403043000 -28164.4222507477
12409911000 -25791.8666343689
12416740000 -19771.170665741
12423561000 -24825.298500061
12430406000 -35668.3407840729
12437233000 -41675.5528068542
12444059000 -38695.0416698456
12450884000 -37726.8059120178
12457705000 -43797.641078949
12464534000 -47800.3590869904
12471358000 -43851.0793857574
12478187000 -43860.4859142303
12485053000 -37542.8138599396
12491851000 -39835.7560710907
12498665000 -40989.1430187225
12505490000 -36047.6427230835
12512311000 -29145.197687149
12519133000 -35237.1623668671
12526006000 -28877.1660919189
12532823000 -30020.4677448273
12539639000 -26176.0296001434
12546470000 -21201.0346126556
12553297000 -16265.0890007019
12560129000 -19287.8619441986
12566962000 -16305.0588111877
12573783000 -15432.6932411194
12580623000 -24394.1183719635
12587443000 -19537.3604316711
12594274000 -18585.7911777496
12601106000 -22628.647315979
12607942000 -16639.1656227112
12614768000 -7742.24700927734
12621599000 -13804.0680198669
12628409000 -5056.5584526062
12635239000 866.016332626343
12642068000 3776.3255405426
12648897000 683.289264678955
12655720000 4533.39869308472
12662539000 1344.49792480469
12669360000 -11829.9042186737
12676187000 -6954.14400672913
12683024000 -9992.56554794312
12689852000 -20114.5815982819
12696673000 -24302.348531723
12703497000 -18466.7089939117
12710373000 -25170.8707618713
12717200000 -20315.1966781616
12724031000 -14427.2131748199
12730863000 -11533.6643695831
12737693000 -9661.28849983215
12744553000 -1524.90616989136
12751392000 -3579.03647232056
12758206000 2140.70837020874
12765023000 -2116.14670753479
12771850000 -3287.23747062683
12778673000 -4497.3090171814
12785496000 289.27982711792
12792328000 8152.70408821106
12799159000 11003.8720817566
12805994000 14887.322052002
12812838000 11847.58244133
12819673000 14724.3252677917
12826493000 24464.1284656525
12833325000 25307.4597320557
12840154000 32120.7278614044
12846980000 33903.9372634888
12853806000 32683.8041191101
12860636000 35495.9421710968
12867467000 40313.6367053986
12874300000 49145.7887077332
12881136000 53001.2971992493
12887959000 57737.734172821
12894797000 62604.3463191986
12901627000 71396.4001998901
12908450000 70122.8075809479
12915284000 76943.7700252533
12922109000 83681.2908573151
12928933000 90406.5715866089
12935748000 95048.429309845
12942580000 90838.2137298584
12949405000 98562.3702583313
12956234000 97318.7715301514
12963072000 100151.892105103
12969909000 98972.7627754211
12976748000 101808.070329666
12983590000 97666.7064437866
12990410000 103326.313570023
12997265000 105293.86126709
13004090000 96991.2436485291
13010918000 99711.962430954
13017740000 103375.983718872
13024568000 98090.0164299011
13031398000 102818.487010956
13038219000 105463.594863892
13045007000 110811.988199234
13051823000 114405.988298416
13058644000 121041.101795197
13065456000 117592.87896347
13072272000 115176.880296707
13079058000 119490.915906906
13085883000 125148.251888275
13092709000 125811.133090973
13099524000 120372.922470093
13106339000 124931.380067825
13113159000 125530.932487488
13119984000 118171.572389603
13126790000 122640.06823349
13133586000 125016.402544022
13140412000 127655.92461586
13147241000 130318.752767563
13154078000 120049.29451561
13160905000 117687.663990021
13167724000 121251.638694763
13174544000 117821.158624649
13181378000 117511.667858124
13188188000 108985.708217621
13195021000 115660.649000168
13201854000 118332.240379333
13208683000 117964.968484879
13215510000 126576.595149994
13222347000 126273.653167725
13229175000 113887.464883804
13236004000 123506.808603287
13242828000 122078.426750183
13249647000 123602.326665878
13256519000 135593.267894745
13263332000 136057.22321701
13270157000 143624.337408066
13276989000 150250.225008011
13283821000 152872.764183044
13290645000 144420.974237442
13297465000 143930.355306625
13304270000 137303.325557709
13311027000 131247.159843445
13317829000 135586.897592545
13324654000 135127.329685211
13331516000 127992.59753418
13338319000 132331.206703186
13345140000 137826.132040024
13351944000 140166.960502625
13358742000 138451.261714935
13365570000 141998.264167786
13372370000 148293.653841019
13379131000 154239.943071365
13385884000 161112.027069092
13392661000 167193.606121063
13399489000 167723.994304657
13413104000 177411.321296692
13419924000 183860.789541245
13426743000 187298.058288574
13433490000 186093.903009415
13440283000 190294.127433777
13447106000 191756.882497787
13453925000 187180.854455948
13460749000 184645.792648315
13467565000 183036.511087418
13474380000 188415.037361145
13481188000 182728.219423294
13487980000 179896.341646194
13494802000 186326.892841339
13501615000 187674.388328552
13508435000 195080.552740097
13515259000 193518.806381226
13522079000 197918.295492172
13528903000 205349.869916916
13535721000 207724.973718643
13542544000 207141.015388489
13549361000 209500.5932827
13556194000 206998.494060516
13563022000 212448.780193329
13569835000 220762.93343544
13576648000 224073.756855011
13583459000 228363.547281265
13590273000 221676.563117981
13597080000 223924.29391861
13603908000 229354.553192139
13610714000 235586.776184082
13617517000 235789.128772736
13624337000 238138.588357925
13631160000 233511.255754471
13637987000 235915.974224091
13644813000 241308.501991272
13651615000 244485.366601944
13658424000 250720.835565567
13672054000 264287.938465118
13678862000 266504.579076767
13685678000 265788.64874649
13692505000 270166.667015076
13699333000 271550.185031891
13706154000 272868.459079742
13712966000 275103.814857483
13719792000 278459.62702179
13726614000 275776.731391907
13733421000 276957.884775162
13740233000 283179.915874481
13747054000 283478.176742554
13753878000 277799.61803627
13760677000 280896.74703598
13767465000 287893.337680817
13774257000 287921.974473953
13781074000 293168.237106323
13787897000 294464.187501907
13794724000 299792.143995285
13801528000 309913.530397415
13808348000 313172.962963104
13815170000 314446.728776932
13821987000 311672.983610153
13828810000 319948.908596039
13835607000 322991.823158264
13842416000 326137.419586182
13849231000 334332.685195923
13856050000 331559.947135925
13862869000 329783.873384476
13869687000 324995.632888794
13876475000 326939.14084816
13883303000 328232.546319962
13890098000 327231.231031418
13896909000 328367.869037628
13903710000 325412.893091202
13917349000 320819.609237671
13924197000 317269.536514282
13931017000 314468.953512192
13937832000 320620.903039932
13944651000 321804.823471069
13951471000 329994.233388901
13958280000 330083.235012054
13965097000 325239.504356384
13971916000 331410.087394714
13978728000 333515.572154999
13985548000 338688.309968948
13992361000 344795.955371857
13999180000 341953.201507568
14006004000 338151.218301773
14012799000 340090.091844559
14019634000 339378.46487999
14026449000 339487.090497971
14033270000 347645.30022049
14040083000 351729.621692657
14046832000 357246.239656448
14053651000 358376.839868546
14060434000 351186.679285049
14067250000 353284.175092697
14074075000 357457.685626984
14080900000 353627.854597092
14087668000 361292.203649521
14094479000 365332.308479309
14101296000 359421.972040176
14108110000 351481.860031128
14114930000 361591.297956467
14121756000 358750.277009964
14128587000 352949.975896835
14135397000 356961.275615692
14142133000 357317.197305679
14148875000 353722.730136871
14155710000 351944.381830215
14162526000 355995.291383743
14169316000 363813.819786072
14176523000 365302.415657043
14183352000 368457.659585953
14190165000 368468.629098892
14196988000 374564.344484329
14203814000 378683.141500473
14210638000 382780.982793808
14217466000 389910.707899094
14224283000 391940.226783752
14231103000 392992.827295303
14244744000 397096.822446823
14251566000 392157.019765854
14258397000 393293.106931686
14265225000 400399.438632965
14272051000 407484.821460724
14278864000 407452.439702988
14285689000 403522.342599869
14292503000 410492.09604454
14299314000 415432.118001938
14306133000 415439.210002899
14312947000 420398.970060349
14319770000 422434.588171005
14326612000 426634.033821106
14333435000 429662.963415146
14340248000 433600.58048439
14347068000 432596.445346832
14353900000 435694.529298782
14367519000 451484.861886978
14374329000 456379.435997009
14381142000 460297.066291809
14387971000 463352.068666458
14394787000 459289.411626816
