39000 37934.2567786119
6894000 32198.6292137578
13713000 27231.8622222841
27357000 19341.0288170427
34126000 16055.3106472865
40963000 12210.0553521067
47797000 8346.74923153222
54626000 6452.47316524386
61459000 2585.35418974608
68290000 -293.359826982021
75130000 -4112.61808153987
81972000 -8917.63158619404
88781000 -10934.4871735573
95589000 -14956.4887780398
102328000 -18422.9197932184
109083000 -20784.7001448274
115836000 -25158.1082671285
122587000 -27543.1453083009
129718000 -29471.7825365216
136470000 -30847.7027815282
143225000 -34202.9475010037
149978000 -35569.8219262064
156729000 -38948.3272053301
163476000 -41351.3880328238
170225000 -43740.2349165082
176975000 -46121.3288646638
183728000 -47481.7446091473
190477000 -50866.7181972861
197225000 -51256.863735348
203977000 -52619.8671923876
210728000 -53988.0418342054
217480000 -57348.461627543
224230000 -57720.5164832175
230984000 -60065.4254315495
237735000 -60428.4333198965
244488000 -62777.2215254009
251241000 -65124.7174206674
257992000 -66483.849909097
264741000 -67854.6201385856
271500000 -69159.4512450099
278256000 -72482.3828216195
285010000 -72816.9513742328
291764000 -75150.2272338271
298513000 -76514.53840065
305266000 -77851.6956225634
312018000 -79194.0265169144
318770000 -80535.0654837489
325522000 -81874.812523067
332274000 -84213.267634809
339028000 -83537.4973228574
345774000 -85912.1698329449
352530000 -87220.8814047575
359287000 -87521.8321956396
366041000 -86840.8916858435
372801000 -88119.852252543
379633000 -88931.8291901946
386498000 -91529.0363405347
393327000 -91357.766303122
400189000 -91971.7148365974
406951000 -92231.1964383721
413738000 -92327.6606605053
420565000 -94164.0572006106
427379000 -96083.2332288027
434205000 -96923.4601533413
441033000 -99749.4273994565
447841000 -101703.47010982
454657000 -103604.439175904
461478000 -104471.74061662
468306000 -105292.430709422
475133000 -107118.270232379
481954000 -106981.613758147
488782000 -106798.341874182
495606000 -107639.633556545
502439000 -108421.363202631
509272000 -110201.769738257
516101000 -110006.740227699
522941000 -110739.197598338
529774000 -111515.634221435
536607000 -111290.747733951
543444000 -111038.647972584
550281000 -111785.223551035
557110000 -112582.257895827
563938000 -111384.443800211
570774000 -112133.522007585
577601000 -113939.53752315
584427000 -114750.705953121
591249000 -114586.449564695
598070000 -114427.348411083
604891000 -114266.928790212
611720000 -117053.394897103
618541000 -115890.336794972
625365000 -116706.535638571
632189000 -117521.414854646
639043000 -117140.716956019
645863000 -117978.852889299
652695000 -118737.963101149
659520000 -119541.081402421
666341000 -120368.78378427
673152000 -120259.929865837
679971000 -122097.950065374
686789000 -122941.129173875
693608000 -121776.514178038
700427000 -123610.581488013
707248000 -122430.376737952
714083000 -124158.170252442
720916000 -124897.595021844
734621000 -126119.834868431
741445000 -127913.586122751
748273000 -127680.104368329
755486000 -126951.061867476
762317000 -127695.427038193
769139000 -128496.780304313
775947000 -128387.522533774
782767000 -128199.199444175
789585000 -128022.517306089
796417000 -127753.80192697
803254000 -128451.364307523
810083000 -127199.442804813
816908000 -129972.120901942
823739000 -128704.596081614
830559000 -128507.036376476
837394000 -128210.945529699
844225000 -128939.455056071
851059000 -127647.198471904
857882000 -128424.914358377
864710000 -129168.90277946
871535000 -130931.015541077
878368000 -128639.952032924
885207000 -130308.672059417
892037000 -131034.408426762
905693000 -131507.846540213
912511000 -131307.413832068
919340000 -132034.348693371
926163000 -130798.862312198
932981000 -131594.474589229
939804000 -130356.350693464
946636000 -131058.551858306
953467000 -132765.914460063
960289000 -132530.313908815
967121000 -132228.549033523
973946000 -131970.854619503
980769000 -132724.81005919
987591000 -132483.931385517
994420000 -133196.336613059
1001262000 -134823.108590484
1008089000 -133545.839594841
1014914000 -133280.221614242
1021744000 -133980.853144526
1028566000 -133732.053034067
1035387000 -134488.420551181
1042205000 -134262.92962575
1049022000 -135042.608260751
1055846000 -134775.560544491
1062658000 -134585.040257096
1069476000 -134354.280293584
1076296000 -135109.227740169
1083115000 -134869.344940186
1089944000 -134563.264169693
1096767000 -134294.791164637
1103589000 -135031.487333298
1110401000 -133831.750724077
1117217000 -133604.743922234
1124032000 -132382.909579039
1130852000 -132127.313152313
1137672000 -130870.398644686
1144492000 -131612.166056395
1151311000 -132359.105153799
1158148000 -133987.907271862
1164971000 -131706.246887207
1171787000 -133468.699692011
1178600000 -132249.307581902
1185415000 -133015.618628979
1192218000 -131858.504641771
1199055000 -131479.381080389
1205875000 -133209.28518486
1212700000 -131905.4136765
1219546000 -134463.896450996
1226365000 -132196.332215309
1233185000 -130920.958198547
1240008000 -131624.789260149
1246830000 -131333.793554783
1253660000 -131989.537658691
1260471000 -130767.324162483
1267676000 -131985.530898333
1274505000 -130643.733509541
1281337000 -131281.134204388
1288541000 -131501.574234009
1295363000 -131201.195951462
1302175000 -130964.439236403
1308990000 -131706.884825945
1315805000 -130448.014266491
1322622000 -130174.838315248
1329436000 -129919.829886436
1336256000 -129624.535648584
1343459000 -131840.259238243
1350262000 -129652.676701784
1357080000 -130366.348681927
1363895000 -129098.190727234
1370704000 -128867.692528248
1377521000 -127583.91108036
1384331000 -128344.287302732
1391143000 -127090.356180668
1397948000 -127880.587361097
1404762000 -127611.033711433
1411580000 -126314.175729752
1418393000 -126048.487117767
1425197000 -124839.960884571
1432009000 -123578.140978575
1438822000 -122308.508167982
1445635000 -124037.559980631
1452446000 -121778.293017864
1459258000 -123511.212957382
1466121000 -120911.384857416
1472924000 -120700.154898882
1479739000 -121409.624538183
1486553000 -120124.277295589
1493370000 -120818.115910053
1500180000 -120556.135175705
1506995000 -121260.340991974
1513802000 -121015.230973721
1520616000 -120723.306269646
1527430000 -119430.065802813
1534628000 -120639.269999981
1541442000 -119343.323858738
1548256000 -121046.061954737
1555064000 -120786.491539717
1561873000 -119519.106276512
1568675000 -120295.918340683
1575486000 -119012.903189182
1582301000 -118702.565512657
1589110000 -119429.924727201
1595936000 -119045.429879427
1602750000 -117737.645350456
1609555000 -118487.069833517
1616371000 -119163.64962554
1623184000 -118858.422298908
1629995000 -119564.886259794
1636805000 -118276.539141178
1643620000 -118954.359214783
1650435000 -118630.863139629
1657257000 -120260.522185326
1664076000 -117908.37526989
1670894000 -118561.415151358
1677702000 -118278.184564114
1684516000 -118954.611269712
1691385000 -118271.943320274
1698191000 -118997.769996405
1705003000 -118683.251253366
1711818000 -119347.900568485
1718649000 -119907.140231609
1725466000 -120556.14208436
1732281000 -120216.839476585
1739092000 -119902.246414185
1745893000 -120651.404911041
1752707000 -121314.66414237
1759517000 -121002.635620594
1766326000 -119695.800075293
1773139000 -120361.62114501
1779953000 -120019.619256973
1786768000 -119669.793831587
1793580000 -119338.176160097
1800393000 -117998.735337496
1807207000 -118651.470785141
1814014000 -117348.450297117
1820825000 -116018.08178997
1827638000 -115673.38081336
1834450000 -115333.873585701
1841261000 -113999.560686827
1848093000 -113527.23342967
1854911000 -113144.719330311
1861733000 -112734.848327875
1868550000 -113356.208931923
1875360000 -112021.824610949
1882178000 -111634.042246103
1888990000 -110284.006602287
1895803000 -110926.145103455
1902616000 -109566.968228102
1909438000 -109147.874720335
1916260000 -109727.462358713
1923079000 -108325.266055107
1929892000 -106960.823040485
1936714000 -106536.456436396
1943527000 -107169.380931377
1950347000 -106755.403179646
1957169000 -106327.082140207
1963982000 -105956.057416677
1970797000 -105570.691337109
1977628000 -105079.798181534
1984448000 -103659.229832411
1991264000 -103263.397681236
1998075000 -102898.81780839
2004885000 -102539.437286854
2012078000 -100683.821561098
2018895000 -100276.138222694
2025714000 -99854.1088712215
2032535000 -98417.7323470116
2039350000 -96019.1269495487
2046161000 -94645.265904665
2052975000 -94250.5443003178
2059793000 -93828.4448873997
2066611000 -92405.0281665325
2073809000 -92504.2508451939
2080622000 -91110.7065982819
2087814000 -90246.1691637039
2094625000 -90862.9539883137
2101462000 -91308.9902153015
2108279000 -88884.0394997597
2115095000 -88464.2889416218
2121909000 -88056.2563922405
2128723000 -87646.908080101
2135530000 -86281.8676109314
2142344000 -85869.8891251087
2149173000 -86358.824213028
2155985000 -84957.2477807999
2162811000 -84463.0983276367
2170014000 -83510.1050662994
2176833000 -82058.8736839294
2183651000 -81612.8436293602
2190472000 -81145.9386224747
2197283000 -78742.9092273712
2204474000 -77861.1148643494
2211292000 -79409.7442827225
2218111000 -76950.5363965034
2224925000 -75522.6117711067
2231743000 -76067.2898464203
2238549000 -74688.8975419998
2245366000 -74237.4640908241
2252183000 -71784.7137174606
2258992000 -72382.8156762123
2265796000 -70012.2105493546
2272605000 -69607.6858086586
2279424000 -68136.6298804283
2286243000 -66664.2562584877
2293067000 -65157.954331398
2299877000 -63741.6451921463
2306688000 -63317.4993262291
2313501000 -60878.9934539795
2320319000 -60406.5577330589
2327126000 -58004.5586667061
2333932000 -57607.7698202133
2340744000 -56170.5274600983
2347564000 -53679.7807779312
2354382000 -53200.7637338638
2361195000 -52753.0496468544
2368014000 -50264.8747076988
2374839000 -49736.2354383469
2381652000 -49284.5717463493
2388465000 -48831.5926785469
2395274000 -47403.3983082771
2402091000 -48921.6884126663
2408901000 -46484.3394298553
2416107000 -46461.5373187065
2422927000 -44956.2254571915
2429738000 -43508.3294725418
2436555000 -44019.9617538452
2443378000 -43491.1188240051
2450192000 -42019.6958274841
2457007000 -40540.4303007126
2463823000 -41053.3216638565
2470637000 -39577.9508008957
2477831000 -38620.8701548576
2484650000 -39110.1566333771
2491463000 -37637.2918839455
2498278000 -37150.0558834076
2505097000 -36635.3912115097
2518722000 -35686.9795060158
2525537000 -35194.4791026115
2532356000 -33674.5469388962
2539175000 -34153.29708004
2545990000 -31656.8466858864
2552803000 -34172.1391077042
2559626000 -31620.8193950653
2566441000 -31120.4193954468
2573266000 -30553.4026231766
2580096000 -29952.4145565033
2586912000 -28441.5308327675
2593731000 -26909.7386469841
2600568000 -26259.0737190247
2607341000 -25025.0699915886
2614150000 -24554.6423459053
2620965000 -24043.7123827934
2627781000 -23524.9346632957
2634599000 -22991.776807785
2641416000 -21463.8336381912
2648236000 -20914.9769864082
2655073000 -20253.7517843246
2661879000 -18793.7117190361
2668692000 -17286.6296124458
2675518000 -16693.3036499023
2682326000 -15216.2540464401
2689133000 -14744.4243426323
2695948000 -15219.0132660866
2702756000 -13738.0221657753
2709573000 -13196.9122929573
2716390000 -12654.4854984283
2723211000 -10084.6045360565
2730028000 -12539.5431261063
2736840000 -10025.8382844925
2743651000 -10517.3533439636
2750463000 -9001.01871490479
2757289000 -8391.87521457672
2764099000 -5885.97884321213
2770912000 -5359.16126251221
2777735000 -4765.66973924637
2784543000 -2268.89972496033
2791358000 -1725.06256437302
2798175000 -1166.83638286591
2804988000 366.560203075409
2811802000 907.80898809433
2818609000 3404.61442899704
2825421000 2935.41897106171
2832238000 2500.22551012039
2839049000 5027.12340307236
2845869000 4614.17598867416
2852681000 3150.24280834198
2859496000 3707.23914003372
2866315000 3291.70508861542
2873125000 5818.64168977737
2879940000 5379.58627462387
2886756000 5948.38595485687
2893570000 5505.4238910675
2900385000 6070.31692266464
2907198000 5623.44705152512
2914013000 8190.97199440002
2920836000 6812.13238191605
2927648000 9362.6708521843
2934467000 8960.30640077591
2941287000 9565.80013513565
2948094000 9087.5830488205
2954918000 9721.87394332886
2961728000 10265.9094705582
2968540000 10824.3417434692
2975354000 11397.1719212532
2982174000 13010.5677623749
2988988000 12586.030623436
2995799000 14143.1831383705
3002613000 10721.2769460678
3016261000 13012.2641673088
3023073000 12581.2235059738
3029888000 14171.1268420219
3036704000 12768.8895220757
3043518000 13354.881960392
3050337000 11974.9080700874
3057150000 13556.9892239571
3063959000 14114.2098822594
3070770000 13685.8326950073
3077583000 14271.8588199615
3084392000 12833.0221333504
3091205000 13421.6782383919
3098021000 14031.2845196724
3104842000 15674.9329686165
3112035000 14754.760799408
3118845000 13329.1173305511
3125650000 14872.0594987869
3132459000 14442.497592926
3139273000 14046.980029583
3146083000 14626.5930480957
3152901000 14259.8921909332
3159716000 13874.8685970306
3166537000 14530.4423999786
3173358000 14187.3346710205
3180167000 15766.9782738686
3186981000 15380.6729803085
3193796000 17002.2310962677
3200614000 15644.7488822937
3207430000 18275.487909317
3214241000 18874.8023371696
3221058000 18514.7218885422
3227864000 18083.9236197472
3234695000 18818.1581735611
3241508000 19435.833070755
3248319000 20041.7249598503
3255122000 19596.5363707542
3261933000 20205.0559244156
3268738000 18775.5914559364
3275548000 20380.189095974
3282743000 20507.9134879112
3289553000 22115.2138633728
3296366000 20743.4801182747
3303178000 22366.5110034943
3310003000 23076.0191011429
3316827000 22780.2960791588
3323636000 24387.6227807999
3330452000 24042.1239528656
3337266000 24684.8382344246
3344081000 24335.4201846123
3350892000 23961.1098871231
3357707000 26614.3233628273
3364530000 26321.2728705406
3371341000 25950.909473896
3378154000 27594.9664254189
3384973000 28279.6571412086
3391791000 29959.1122937202
3398604000 29607.1174983978
3405422000 31289.2063007355
3412233000 29926.7355480194
3419059000 31663.8898596764
3425886000 33408.9187960625
3432702000 32083.1699271202
3439511000 33712.8553195
3446359000 35599.4918971062
3453169000 35238.3674769402
3459985000 37917.8884181976
3466792000 37539.7274417877
3473594000 38130.101644516
3480411000 39820.1235179901
3487263000 39740.9210224152
3494461000 40931.481300354
3501276000 41612.4215803146
3508085000 44255.3386864662
3514900000 44938.9101052284
3521712000 44604.1268539429
3528518000 46231.3157958984
3535378000 48213.9130353928
3542164000 48712.5873479843
3548982000 48422.4134216309
3555800000 50133.5568027496
3562618000 49846.0174927711
3569437000 51566.3537817001
3576258000 50301.1247372627
3583073000 51997.8620862961
3589886000 52682.7978410721
3596699000 53369.0489721298
3603524000 54135.3265771866
3610349000 54902.9241957664
3623967000 56232.1646595001
3630784000 56951.2358846664
3637602000 57678.1842560768
3644418000 58393.329100132
3651613000 59596.2638096809
3665240000 61000.4775485992
3672053000 61701.2771720886
3678866000 61403.3921718597
3685682000 63126.5073075294
3692499000 62857.5007581711
3699310000 64550.4392933846
3706118000 64225.0059361458
3712944000 68019.0084838867
3719759000 67742.1433568001
3726572000 68453.4688878059
3733378000 68120.1692285538
3740217000 69004.7655806541
3747038000 71772.5475106239
3753850000 72482.5762419701
3760658000 73167.6651191711
3767479000 73939.3981986046
3774285000 74613.9882822037
3781101000 76355.5339436531
3787919000 78111.5251078606
3794728000 76809.7514891624
3801550000 79594.6350097656
3808370000 77367.7072582245
3815185000 79109.2713050842
3821999000 79845.5860509872
3828866000 78931.1956553459
3835669000 78597.9279537201
3842487000 79364.4622178078
3849297000 78079.7840046883
3856108000 78802.9864258766
3862928000 76586.6029338837
3869747000 76364.970720768
3876945000 76633.5496430397
3883758000 76375.2228569984
3890569000 76105.0766625404
3897378000 76823.1099009514
3904191000 78568.7280864716
3911000000 78289.3897614479
3917821000 78090.1832461357
3924640000 78879.1584811211
3931467000 79721.9998226166
3938283000 80493.9057579041
3945098000 80260.5592904091
3951911000 82015.3907103539
3958717000 79725.5522384644
3965529000 82476.4435429573
3972337000 82202.3709979057
3979157000 82008.4507336617
3985975000 81802.7083582878
3992790000 81578.5724225044
3999607000 82368.893599987
4006422000 82147.3903479576
4013244000 79973.199326992
4020060000 81760.9007868767
4026872000 81523.6337604523
4033688000 80313.9675178528
4040491000 83020.1864728928
4047302000 81780.291618824
4054507000 82131.0922727585
4061324000 81933.3360619545
4068140000 83730.3243479729
4074960000 82554.9196405411
4081774000 82341.396147728
4088585000 82109.4694046974
4095399000 82898.5768575668
4102214000 80695.5734634399
4109029000 82493.886218071
4115837000 82247.4986863136
4122657000 81081.3122344017
4129476000 81909.8697004318
4136291000 82713.4474363327
4143109000 82538.064968586
4149919000 83311.4018707275
4163537000 83848.8680739403
4170357000 84691.9004569054
4177209000 86746.6674022675
4184025000 87566.0392961502
4190839000 87373.5759224892
4197654000 88189.0044059753
4204466000 89986.0201740265
4211280000 90797.5038948059
4218086000 90557.6899862289
4224895000 91338.9193530083
4231708000 92147.7707910538
4238520000 93951.360352993
4245360000 93940.4334039688
4252174000 94759.8136310577
4258990000 95593.6652874947
4265805000 96422.2554526329
4272622000 97265.3182048798
4279434000 99076.8058166504
4286248000 98902.7656292915
4293067000 99762.935198307
4299882000 101598.10649395
4306713000 102539.860901356
4313532000 102403.985098839
4327175000 105169.085403442
4333996000 105050.32356739
4340811000 104893.399287224
4347638000 104816.755296707
4354461000 107715.109939575
4361287000 108634.526018143
4368110000 109535.519722939
4374914000 109312.791419029
4381726000 111144.025506973
4388543000 113009.482106209
4395359000 112869.673929214
4402173000 112718.01850605
4408994000 113613.75343132
4415815000 115510.806825638
4422634000 116396.013745308
4429460000 117328.617007256
4436281000 118229.626381874
4443092000 118066.123722076
4449906000 120923.685396194
4456721000 119789.146268845
4463539000 122675.674179077
4470349000 123510.848815918
4477170000 123419.761843681
4483983000 124277.319666862
4490827000 125340.309342384
4497640000 126200.503903389
4504453000 127062.013840675
4511262000 129898.499225616
4518084000 130821.905720711
4524900000 130707.118858337
4531720000 132619.990777016
4538536000 133507.837757111
4545351000 134390.415324211
4552162000 135247.964476585
4558984000 137179.277909279
4565793000 137026.285337448
4572606000 139900.953479767
4579417000 139763.76317215
4586227000 142621.300362587
4593041000 143506.500968933
4599862000 146439.129785538
4606675000 147320.375583649
4613492000 149229.288271904
4620310000 150146.105955124
4627120000 152011.534824371
4633938000 151930.985577583
4640757000 154858.342289925
4647575000 155780.427852631
4654392000 156697.24168396
4661205000 158589.015512466
4668019000 159488.694141388
4674830000 161369.919681549
4681645000 162278.819067955
4688454000 162149.494581223
4695274000 165093.976088524
4702091000 166020.004507065
4708960000 167290.06019783
4715742000 167988.055306435
4722550000 168858.719046593
4729369000 170803.199022293
4736194000 172788.544827461
4743009000 174709.295154572
4749828000 175657.728598595
4756647000 176607.479737282
4763455000 178486.035153389
4770268000 179398.865624428
4777080000 183306.418955803
4783896000 183241.658111572
4790697000 186079.320286751
4797564000 187353.437437057
4804369000 189220.106980324
4811179000 190121.05621624
4817990000 191029.913344383
4824809000 191992.836016655
4831628000 194957.076382637
4838442000 195889.663173676
4845262000 196863.132408142
4852082000 200837.919724464
4858902000 199814.025120735
4865717000 200758.473464966
4872543000 201776.785377502
4879360000 203737.058968544
4893033000 204918.793124199
4899849000 205876.429021835
4906663000 208822.189080238
4913480000 207789.054040909
4920290000 210711.059910774
4927489000 210200.524159431
4934298000 212118.636568069
4941117000 212104.034439087
4947928000 213037.971153259
4954742000 214993.015118599
4961563000 214995.559046745
4968379000 216966.431761742
4975198000 217958.415400505
4982019000 220964.913376808
4989212000 221427.379627228
4996023000 221370.59924984
5002841000 221361.325863838
5009649000 222287.378730774
5016462000 223247.74153614
5023287000 225288.613618851
5030105000 225284.607917786
5036921000 228268.719768524
5043736000 229247.548084259
5050547000 231201.291490555
5057370000 230235.554991722
5064174000 233145.7253685
5070983000 233090.211864471
5077834000 235313.255750656
5084623000 237128.353409767
5091443000 237149.401303291
5098257000 239132.157579422
5105069000 240103.025998116
5111888000 241121.423426628
5118706000 242134.536352158
5125525000 244155.568975449
5132345000 244184.521875381
5139152000 247128.956774712
5145964000 247107.719576836
5152780000 249114.21001339
5159980000 249657.707259178
5166801000 250699.922730446
5173624000 252756.664175034
5180433000 252722.269625664
5187277000 254920.333757401
5194095000 255948.012616158
5200909000 255950.590680122
5207725000 257967.693943024
5214538000 257966.299007416
5221351000 258966.219447136
5228167000 259987.271158218
5234978000 260976.611948013
5241845000 261337.18568325
5248629000 262150.807783127
5255441000 264150.704054832
5262260000 264198.159164429
5269073000 266207.293224335
5275886000 266217.742661476
5282695000 268203.080101967
5289508000 269216.159520149
5296320000 269223.947085381
5303172000 272497.346551895
5309961000 273355.796649933
5316785000 273446.826174736
5323599000 276473.095303535
5330396000 277388.34087944
5344018000 281407.799900055
5350833000 281445.936411858
5357646000 283472.171138763
5364454000 285466.675441742
5371273000 286535.196074486
5378098000 287644.691681862
5384910000 289669.580684662
5391722000 291695.784678459
5398534000 292723.303661346
5405353000 292798.409867287
5412173000 294881.444280624
5418987000 296926.132541656
5425792000 298912.63848114
5432608000 297973.178711891
5439427000 300054.86933136
5446238000 302084.985823631
5453055000 303156.08694458
5459868000 305202.057531357
5466686000 306282.403779984
5473496000 308311.169334412
5480310000 309367.698879242
5487121000 313405.706278801
5493939000 314491.318087578
5500754000 316558.408135414
5507584000 318726.012570381
5514396000 320775.897586823
5521214000 320866.779206276
5528029000 322939.13674736
5534845000 323019.424426079
5541664000 324120.871184349
5548475000 325170.720638275
5555286000 328221.88469696
5562106000 329333.896207809
5568923000 330427.380936623
5575735000 331489.10684967
5582553000 332591.83979702
5589361000 335629.734714508
5596180000 336741.716072083
5602994000 338821.935523987
5609804000 338877.006287575
5616623000 341992.938020706
5623435000 342063.871954918
5630248000 345142.73757267
5637064000 346242.76922226
5643871000 347284.56370163
5650680000 350340.905784607
5657496000 350444.883948326
5664305000 352503.855047226
5671121000 353610.464928627
5677940000 356738.245476723
5684763000 355893.816666603
5691596000 358116.891402245
5698411000 359222.154017448
5705226000 361328.732779503
5712048000 362482.960762978
5718861000 364578.934768677
5725672000 364662.985358238
5732487000 366774.828909874
5739318000 366993.905134201
5746122000 369035.564338684
5752929000 369098.395951271
5759739000 370182.401711464
5766560000 369340.547790527
5773379000 371486.770842552
5780193000 372601.206880569
5787007000 373716.95868206
5793824000 373853.890228271
5800642000 373998.760216713
5807455000 375111.838943481
5814283000 377325.561653137
5821095000 378434.651929855
5834718000 382650.154964447
5841542000 383842.662174225
5848358000 383983.506026268
5855170000 386099.17414856
5861984000 387229.403779984
5868800000 389374.1960783
5875616000 390520.304912567
5882448000 390773.711701393
5889268000 392948.952824593
5896077000 393052.64554882
5902894000 396210.647452354
5909707000 397343.467830658
5916523000 396497.478000641
5923339000 396652.804704666
5930157000 394822.698325157
5936973000 392980.658486366
5943819000 392338.702514648
5950640000 390532.43039608
5957452000 389667.843065262
5964259000 387771.439936638
5977872000 384975.946317673
5984684000 384116.615859032
5991505000 382318.242753983
5998341000 380620.59496212
6005155000 378778.470478058
6011970000 377944.289264679
6018785000 376111.424201012
6025601000 374286.503180504
6032416000 372456.270607948
6039236000 371660.495594025
6046042000 369773.240007401
6052852000 367913.811768532
6059662000 368055.697747231
6066484000 366278.446594238
6073303000 366482.626551628
6080114000 363635.088679314
6086923000 362775.606142998
6093735000 360937.326919556
6100551000 359126.882763863
6114180000 356490.052841187
6120995000 354676.927113533
6127811000 353871.748326302
6134611000 351961.790312767
6141421000 349119.454437256
6148234000 348298.326892853
6155048000 346485.146289825
6161866000 346699.808476448
6168682000 345902.524072647
6175495000 346086.659771919
6182309000 345278.74318409
6189120000 344452.24477005
6195944000 343713.286355972
6202755000 344889.419660568
6209573000 342113.299332619
6216387000 342311.963102341
6223199000 340498.675644875
6230014000 339706.604242325
6236830000 338922.482871056
6244030000 336687.164823532
6250851000 334938.922087669
6257674000 334205.266763687
6264490000 332426.488020897
6271302000 330622.48637867
6278111000 328799.894574165
6284930000 328044.969045639
6291723000 327118.839836121
6298531000 324293.552741051
6305342000 323489.486560822
6312157000 320713.279047966
6319023000 318276.834399223
6325805000 318284.267721176
6332615000 315478.829153061
6339425000 313674.704801559
6346235000 312871.894669533
6353049000 312096.947455406
6359862000 311316.678636551
6366680000 309570.912998199
6373491000 306780.000389099
6387152000 305461.006477356
6393971000 302727.151884079
6400788000 301981.337929726
6407602000 300216.924734116
6414411000 299420.632730484
6421227000 298672.128307343
6428046000 296944.858322144
6434868000 296238.824510574
6441694000 294560.668301582
6448519000 293877.192613602
6462132000 291268.511407852
6468946000 289515.943551064
6475759000 287758.050805092
6482568000 285974.910052299
6489381000 285219.647286415
6496187000 285419.211277962
6503020000 282799.406407356
6509843000 281114.508461952
6516663000 280411.004323006
6523489000 278748.670294762
6530312000 277067.730071068
6543929000 274517.172392845
6550742000 271773.756509781
6557556000 272038.298974037
6564373000 270324.086691856
6571193000 270631.121401787
6578011000 267926.187091827
6584842000 269308.938754082
6591655000 266573.421887398
6598477000 265899.017567635
6605344000 263524.926679611
6612130000 260613.96613884
6618947000 258910.296568871
6625760000 256181.364307404
6632570000 255433.812133789
6639384000 252714.15533638
6646195000 250975.87785244
6653011000 249272.143351555
6659862000 246802.330802917
6666651000 246921.792448997
6673470000 245241.947862625
6680286000 243543.481626511
6687103000 242852.978567123
6693923000 241183.732933044
6700748000 239549.040520668
6707564000 238855.843129158
6714389000 237223.789003372
6721206000 236539.874028206
6728026000 235877.219378471
6734838000 233162.698854446
6741643000 232402.956009865
6748449000 231651.173833847
6755265000 229967.19006443
6762085000 229311.117894173
6768901000 226629.76796627
6775719000 225963.032878876
6782527000 225231.121642113
6789340000 223533.771544456
6796151000 220824.43735981
6802969000 222162.967253685
6809783000 219476.213982582
6816605000 219843.978964806
6823416000 217139.907250404
6830229000 216450.451536179
6837034000 214709.104073524
6843848000 214028.928649902
6850666000 212376.674096107
6857483000 211719.085379601
6864303000 209082.768574715
6871128000 209481.029130936
6877941000 206800.785105705
6884757000 206141.813184738
6891576000 204504.115107536
6912012000 200459.213715553
6918822000 198766.903483391
6925641000 196135.788079262
6932456000 196479.375992775
6939267000 194797.664904594
6946087000 193177.154245377
6952894000 192471.457408905
6959711000 189833.617297173
6966516000 190117.239391327
6973328000 188448.757041931
6980142000 184794.899575233
6986947000 184082.461622238
6993763000 182444.544605255
7000572000 179761.35545063
7007376000 179046.201539993
7014239000 178725.058292389
7021029000 175919.354099274
7027840000 173254.738657951
7034650000 171584.781330109
7041467000 169962.735004425
7048285000 167348.662477493
7055097000 166695.964838028
7061912000 163064.55397892
7068728000 162441.116724014
7075550000 158858.941900253
7082364000 156224.823189735
7089176000 154578.704170227
7095992000 150960.533057213
7102804000 151317.044790268
7109619000 146694.847358704
7116428000 146034.013228416
7123238000 144381.151930809
7130058000 141796.196792603
7136877000 140205.900345802
7143689000 138570.304532051
7150502000 135942.683481216
7157311000 134289.737939835
7164119000 131631.446072578
7170940000 130061.05223465
7177777000 128598.545600891
7184593000 124997.488091469
7191398000 124324.476859093
7198208000 122686.08354187
7205022000 120075.649717331
7211836000 119466.531655312
7218646000 116832.082537651
7225455000 115192.285739899
7232273000 112613.761590958
7239087000 112009.905613899
7245905000 109434.015306473
7252718000 107826.128956795
7259529000 105206.232257843
7266341000 102594.31321907
7273153000 103983.709170341
7279965000 97374.4201116562
7286787000 97833.0823984146
7293598000 96219.761423111
7300418000 92667.7312469482
7307233000 92083.6980762482
7314043000 90467.6590147018
7320855000 87866.2633733749
7334485000 83707.4069843292
7341299000 82123.2878322601
7348112000 80533.819070816
7354929000 78972.3279504776
7361739000 76365.4934358597
7368559000 75826.6326646805
7375419000 74555.7358407974
7382245000 72059.5170059204
7389058000 70477.9536314011
7395897000 68071.0405387878
7402717000 66538.7813816071
7409540000 65027.8416481018
7416357000 62478.2173099518
7423177000 60949.9123954773
7429959000 60169.5532140732
7436791000 57723.891752243
7443619000 56252.880692482
7450446000 54776.5225353241
7457274000 52308.1536331177
7464047000 51474.3296289444
7470877000 50021.930138588
7477665000 47290.7526950836
7484464000 45634.242600441
7491286000 45132.4393825531
7498107000 42625.2853927612
7504926000 43106.1102371216
7511740000 40554.9027223587
7518558000 39031.6917848587
7525377000 35516.4685525894
7532200000 36029.2453737259
7539008000 33443.2796878815
7545816000 31858.627448082
7552638000 31368.6850214005
7559505000 29180.2727966309
7566329000 27706.3198928833
7573155000 25247.0301179886
7579988000 24835.7643527985
7586804000 22312.395357132
7593617000 20770.3259048462
7600430000 18229.5718288422
7607251000 18743.5148649216
7614073000 16265.4492769241
7620891000 15762.0101299286
7627709000 13259.8882913589
7634522000 11725.7163105011
7641306000 9999.32291603088
7648078000 8194.14723491669
7654889000 5650.55973529816
7661710000 5175.02944087982
7668531000 3700.81761264801
7675361000 2287.99607467651
7682192000 883.171326637268
7688973000 -854.082760810852
7695731000 -1743.56396579742
7702526000 -3384.76054191589
7709349000 -5837.73160743713
7716177000 -6256.00441360474
7723010000 -8639.57605934143
7729835000 -11075.2341213226
7736666000 -12469.5138626099
7743493000 -12889.1775798798
7750325000 -16274.1366529465
7757149000 -16711.1887216568
7763977000 -18120.2125291824
7770722000 -19082.1352624893
7777494000 -21862.4751405716
7784321000 -22274.2400541306
7791147000 -24691.3621091843
7797982000 -27047.0606651306
7804802000 -26501.6100683212
7811622000 -27954.8413906097
7818453000 -30333.2889118195
7825272000 -31790.5608406067
7832103000 -32166.3660125732
7838918000 -33647.7173633575
7845688000 -35428.3289165497
7852432000 -37381.3129425049
7859235000 -37938.8965444565
7866031000 -38541.9289798737
7872811000 -41250.5364789963
7879591000 -42957.8413133621
7886360000 -44737.3303756714
7893168000 -47254.9690628052
7899963000 -46858.1474609375
7906742000 -48566.9166917801
7913526000 -49240.9766607285
7920300000 -49980.5483112335
7927099000 -53551.7750892639
7933887000 -52195.1935968399
7940659000 -55944.2210102081
7947451000 -56558.3016853333
7954252000 -58110.9321269989
7961002000 -59003.07168293
7967779000 -58713.4808769226
7974549000 -60469.3704376221
7981334000 -62123.7114114761
7988126000 -63729.9632253647
7994925000 -65288.1218395233
8001722000 -66858.3382692337
8008532000 -67340.3523445129
8015338000 -69847.7893276215
8022138000 -70394.0204801559
8028933000 -70972.36460495
8035733000 -73515.9759988785
8042503000 -74258.8285808563
8049294000 -75859.9922266006
8056060000 -78626.9848709106
8062836000 -80325.8239526749
8076417000 -83525.7043867111
8083200000 -87173.8310842514
8089978000 -89854.0859470367
8096768000 -91452.7998476028
8103559000 -94043.5204563141
8110312000 -95887.0391578674
8117085000 -100595.522258759
8123867000 -102242.519172668
8130688000 -104627.398215294
8137473000 -107251.717539787
8144285000 -109694.158026695
8151052000 -111436.249281883
8157879000 -113775.743666649
8164693000 -115200.867946625
8171514000 -118577.85551548
8178330000 -120986.969118118
8185146000 -122394.766184807
8191962000 -124801.246716499
8198778000 -126206.410714149
8212376000 -132240.244533539
8219146000 -133949.208144188
8225965000 -135329.050703049
8232788000 -139680.813793182
8239547000 -140459.458347321
8246303000 -143256.880774498
8253057000 -145066.391777039
8259810000 -147881.301298141
8266630000 -149246.594597816
8273455000 -153577.111837387
8280276000 -154933.076219559
8287102000 -157254.262220383
8293925000 -159594.204349518
8300731000 -162046.597514153
8307487000 -163832.306060791
8314292000 -166288.77627182
8321110000 -169656.92589283
8327930000 -172010.371926308
8334713000 -173610.153181076
8341479000 -175322.420524597
8348241000 -177060.165438652
8355066000 -179374.898402214
8368729000 -181913.378443718
8375556000 -183210.759871483
8382375000 -184560.377973557
8389208000 -186814.950117111
8396040000 -188074.894218445
8402869000 -189353.601387978
8409733000 -191396.645987511
8416559000 -192692.790213585
8423378000 -193034.484951973
8430179000 -195495.390670776
8436932000 -195276.404652596
8443835000 -197051.663000107
8450597000 -198769.794113159
8457395000 -200245.544380188
8464194000 -201713.288054466
8470967000 -203353.8487854
8477736000 -205019.899080276
8484490000 -206785.114582062
8491278000 -208321.313270569
8498085000 -210728.944952011
8504862000 -211336.208195686
8511655000 -212834.99639225
8518460000 -214252.094457626
8525270000 -215634.386573792
8532085000 -216981.869846344
8538897000 -218348.134325027
8545692000 -218826.972099304
8552482000 -220337.998954773
8559275000 -222827.620213509
8566080000 -225235.535147667
8572887000 -225628.737628937
8579647000 -226335.539910316
8593248000 -229202.506264687
8600055000 -230590.46807766
8606862000 -232977.116829872
8613671000 -232349.050046921
8620484000 -235692.863711357
8627305000 -235981.749011993
8634114000 -238349.737645149
8640924000 -239709.710435867
8647724000 -240135.391031265
8654498000 -242734.023521423
8661304000 -243116.87288475
8668101000 -245558.734588623
8674914000 -246892.039527893
8681721000 -249264.248085022
8688524000 -249661.957015991
8695341000 -251964.504709244
8702145000 -252352.884159088
8708946000 -254760.063518524
8715770000 -254011.737138748
8722584000 -255329.134365082
8729386000 -256725.670030594
8736193000 -258087.371015549
8743024000 -259286.841281891
8749843000 -260565.450365067
8756676000 -260748.867702484
8763493000 -262038.249660492
8770306000 -263353.137397766
8777126000 -263619.768676758
8783940000 -264925.318248749
8790761000 -266182.608270645
8797569000 -267525.763656616
8804383000 -266827.365747452
8811199000 -268114.238405228
8817980000 -269634.540489197
8824800000 -269891.957958221
8831613000 -270195.009239197
8838435000 -271436.376686096
8845253000 -272703.256477356
8852002000 -273431.670410156
8858793000 -273877.049882889
8865581000 -275341.247585297
8872356000 -275891.350933075
8879156000 -276272.434534073
8885980000 -276491.192886353
8892792000 -277789.141376495
8899600000 -280112.612236023
8906407000 -280441.47918129
8913233000 -282641.548273087
8920039000 -282974.495353699
8926857000 -285225.608411789
8933671000 -287502.245384216
8940540000 -288408.489133835
8947355000 -290675.773265839
8954140000 -292143.067827225
8960932000 -293562.080255508
8967751000 -294798.581094742
8974539000 -296241.81962204
8981315000 -297764.292274475
8988182000 -299674.685558319
8994975000 -301080.433759689
9001796000 -300296.931703568
9008616000 -302518.823608398
9015415000 -302880.36249733
9022213000 -304247.304225922
9029020000 -304552.519298553
9035837000 -305789.289304733
9042650000 -307051.595966339
9049471000 -308258.878553391
9056281000 -307538.694257736
9063104000 -309729.914089203
9070315000 -310314.715892792
9077130000 -310556.93719101
9083950000 -311764.269519806
9090771000 -311963.569013596
9097586000 -313201.839740753
9104395000 -313479.085180283
9111212000 -313701.2940979
9118020000 -314982.625858307
9124793000 -317497.694440842
9131590000 -317850.2811203
9138381000 -320241.855230331
9145526000 -321254.550840378
9152333000 -323535.979007721
9159166000 -325641.460042953
9166002000 -327725.467298508
9172840000 -327794.716115952
9179679000 -327855.922609329
9186519000 -329909.086194992
9193368000 -330900.464979172
9200203000 -332984.564468384
9207037000 -333074.058124542
9213880000 -335101.764068604
9220715000 -335181.890546799
9227933000 -336687.454465866
9234879000 -337019.067802429
9241696000 -338216.069562912
9248533000 -339277.369846344
9255369000 -340344.064891815
9262208000 -340389.276819229
9269015000 -340648.197195053
9275801000 -341046.924531937
9289453000 -341302.833374023
9296273000 -341469.130680084
9303091000 -341647.551450729
9309915000 -341784.329111099
9316736000 -341939.950626373
9323560000 -342074.089611053
9330393000 -341146.41504097
9337224000 -341230.860843658
9344041000 -341408.091394424
9350860000 -341570.560768127
9357672000 -340778.768695831
9364490000 -341945.32654953
9371310000 -342097.121679306
9378127000 -344267.767431259
9384946000 -341423.650074005
9391769000 -341551.321874619
9398578000 -343771.803155899
9405402000 -343890.115507126
9412220000 -343047.451435089
9419033000 -344237.090351105
9425854000 -343371.619867325
9432669000 -344545.177593231
9439488000 -343690.520614624
9446303000 -344861.445270538
9453126000 -344977.253572464
9459948000 -346098.467851639
9466774000 -346191.46162796
9473605000 -346249.506971359
9480434000 -346319.68157959
9487250000 -347475.972536087
9494068000 -346617.49458313
9500890000 -348730.793806076
9507713000 -346836.0476017
9514557000 -346798.720062256
9521383000 -345881.150438309
9528212000 -344942.078948975
9535036000 -346035.322635651
9541875000 -346026.333585739
9548699000 -345116.935115814
9555521000 -343219.672874451
9562347000 -344294.179292679
9569173000 -344367.365314484
9575991000 -343493.058994293
9582808000 -343624.164068222
9589612000 -342841.427839279
9596436000 -341922.797971725
9603268000 -342949.014234543
9610077000 -343128.685670853
9616867000 -341434.906936646
9623697000 -340470.62733078
9630529000 -340491.565673828
9637359000 -337524.641784668
9644182000 -338603.509025574
9651006000 -337674.326393127
9657853000 -337589.015111923
9664670000 -337704.305923462
9671460000 -336000.022575378
9678256000 -335254.044284821
9685074000 -335358.662004471
9692281000 -334843.2931633
9699086000 -334032.717058182
9705902000 -333146.774585724
9712725000 -332212.388904572
9719561000 -332189.160491943
9726395000 -331178.073347092
9733208000 -330307.054931641
9740027000 -328394.32220459
9746878000 -328264.804588318
9753706000 -328288.828393936
9760530000 -327338.465976715
9767354000 -327386.783929825
9774179000 -325427.048130035
9781000000 -325492.929588318
9787807000 -323651.775722504
9794596000 -323930.533445358
9801341000 -323504.320392609
9808087000 -323070.08300209
9814862000 -321439.232965469
9821678000 -320530.927938461
9835287000 -318865.292966843
9842106000 -318932.834630966
9848918000 -317046.212295532
9855743000 -317070.701313019
9862557000 -317167.973230362
9869364000 -318311.087133408
9876189000 -317331.621717453
9883000000 -318445.157197952
9889815000 -316530.428470612
9896649000 -315486.36930275
9903468000 -314542.05345726
9910226000 -314007.436706543
9917038000 -312107.664466858
9923852000 -313193.100505829
9930649000 -310391.776273727
9937437000 -309649.791589737
9944234000 -308845.850679398
9951053000 -306892.339574814
9957882000 -304870.117477417
9964699000 -302927.448097229
9971517000 -300976.722078323
9978302000 -300247.095743179
9985113000 -296340.922195435
9991947000 -295278.407264709
9998763000 -292335.897628784
10005582000 -289371.849411011
10012391000 -285473.892248154
10019217000 -281460.023099899
10026028000 -274545.952468872
10032854000 -268529.445421219
10039672000 -263565.55115509
10046508000 -265478.986440659
10053313000 -266600.10052681
10060136000 -268598.542234421
10066957000 -269609.149541855
10073740000 -269874.657693863
10080558000 -268902.863830566
10087375000 -266936.495658875
10094181000 -268042.985681534
10101001000 -270053.755636215
10107820000 -272069.951087952
10114627000 -275165.754106522
10121375000 -276658.137922287
10128114000 -280209.928726196
10135247000 -283103.158519745
10141993000 -283605.088338852
10148789000 -285768.491573334
10155611000 -287755.217737198
10162421000 -288821.566562653
10169240000 -291825.893297195
10176061000 -290815.411310196
10182887000 -291769.882329941
10189699000 -291817.475534439
10196521000 -291796.292829514
10203346000 -292753.552412033
10210169000 -291722.984937668
10216990000 -291704.591567993
10223817000 -290644.398536682
10230636000 -289636.861190796
10237464000 -288567.280878067
10244284000 -287550.358959198
10251112000 -286478.137844086
10257943000 -283384.352058411
10264779000 -283255.503801346
10271602000 -281213.058132172
10278428000 -281149.047985077
10285256000 -280070.220222473
10292074000 -277057.559288025
10298896000 -276016.585071564
10305698000 -274109.275733948
10312522000 -274052.168916702
10319325000 -274135.48349762
10326142000 -276122.989849091
10332984000 -278940.430297852
10339785000 -280033.300413132
10346610000 -282962.851495743
10353430000 -285924.835258484
10360252000 -285871.999475479
10367083000 -288757.086509705
10373904000 -288708.362398148
10380724000 -287665.071130753
10387547000 -289600.207267761
10394327000 -288824.347196579
10401152000 -290743.349382401
10407976000 -290667.783639908
10414805000 -292557.13687706
10421623000 -292519.445743561
10428417000 -292642.501239777
10435159000 -293115.397184372
10442004000 -293891.441135406
10448796000 -293024.079156876
10455618000 -292952.806871414
10462445000 -292846.447589874
10469270000 -293752.275163651
10476088000 -293704.060829163
10482916000 -294586.987102509
10489739000 -295502.364212036
10496610000 -295092.201488495
10503765000 -296762.339084625
10510587000 -297680.43998909
10517405000 -296624.2427845
10524221000 -298580.239027023
10531039000 -299521.407594681
10537899000 -299177.516685486
10544718000 -300109.286560059
10551535000 -299053.251049042
10558358000 -296955.360534668
10565195000 -295761.55922699
10572019000 -293654.270793915
10578845000 -293532.148878098
10585673000 -291395.192323685
10592495000 -290297.458475113
10599324000 -288151.103221893
10606155000 -286989.911008835
10612983000 -286847.670139313
10619808000 -284724.382358551
10626637000 -283572.741441727
10633465000 -282426.537433624
10640295000 -280265.494916916
10647131000 -280062.577280045
10653954000 -278946.203090668
10660784000 -277781.194919586
10667633000 -276486.435390472
10674466000 -274298.500736237
10681303000 -273082.203649521
10688142000 -271851.061855316
10694979000 -270632.115058899
10701810000 -268452.406074524
10708645000 -267244.332330704
10715475000 -266068.738697052
10722285000 -265027.042953491
10729120000 -262815.00336647
10735944000 -260676.015060425
10749618000 -258218.27366066
10756441000 -257082.083404541
10763274000 -256876.952377319
10770106000 -254677.260587692
10776953000 -253374.807964325
10783785000 -250172.467824936
10790619000 -248955.279104233
10797463000 -248669.135669708
10804277000 -246584.564323425
10811115000 -245336.353010178
10817949000 -243113.871461868
10824791000 -241835.955244064
10831629000 -240583.768789291
10838473000 -240289.671581268
10845291000 -238170.123420715
10852123000 -236954.552564621
10858922000 -235960.899499893
10865761000 -233695.334178925
10872585000 -231529.922193527
10879418000 -230302.301580429
10886243000 -228127.482959747
10893067000 -227958.110155106
10899895000 -224760.353628159
10906719000 -222588.340795517
10913541000 -221428.541160583
10920370000 -220220.056436539
10927195000 -219037.317344666
10934020000 -216853.258237839
10940847000 -214654.344747543
10947667000 -213501.482118607
10954498000 -211272.858118057
10961316000 -210130.89273262
10968139000 -209953.770246506
10974964000 -206761.792217255
10981800000 -205494.042367935
10988643000 -203177.588470459
10995473000 -202947.801122665
11002298000 -197750.536458969
11009119000 -197579.028261185
11015936000 -195433.278848648
11022749000 -192313.290540695
11029574000 -192110.750461578
11036394000 -187940.739835739
11043218000 -185742.330781937
11050048000 -183501.980421066
11056878000 -182260.308113098
11063708000 -180017.313856125
11070531000 -176820.393671036
11077353000 -174628.925300598
11084178000 -171415.824335098
11090993000 -168269.117757797
11097828000 -165985.662359238
11104665000 -163687.339424133
11111488000 -160482.500120163
11118315000 -159249.252721786
11125145000 -155994.36730957
11131978000 -152717.84214592
11138804000 -148487.403436661
11145631000 -144248.871337891
11152454000 -142036.111177444
11159289000 -139740.751274109
11166114000 -137511.803174973
11172892000 -131599.901863098
11179667000 -129707.020511627
11186479000 -125562.19503212
11193252000 -123680.253765106
11199982000 -119088.31728363
11206791000 -115959.894355774
11213524000 -112345.051025391
11220274000 -108613.746269226
11227037000 -104793.071512222
11233832000 -101754.285013199
11241011000 -99112.3266716003
11247774000 -94287.6776332855
11254587000 -90122.9286823273
11261411000 -86882.3253936768
11268232000 -82660.7318668365
11275050000 -77458.1498394012
11281868000 -75254.2505054474
11295493000 -65917.0495014191
11302318000 -60661.7583694458
11309136000 -57452.5905742645
11315963000 -53181.1051368713
11322777000 -47996.4130210876
11329601000 -43742.623128891
11336408000 -39602.7463226318
11343238000 -35305.6489315033
11350048000 -32142.8052253723
11356869000 -27904.078578949
11363680000 -22731.8251438141
11370878000 -16934.642414093
11377701000 -9678.33029747009
11384539000 -2319.00256347656
11391375000 6028.09031486511
11398190000 14234.1244010925
11404997000 20387.2319278717
11411800000 27514.5303897858
11418630000 32826.2199287415
11425462000 38152.7932567596
11432276000 41358.6292915344
11439099000 43626.8128356934
11445927000 45930.2231082916
11452714000 46956.905216217
11459511000 48052.7115116119
11466332000 47312.5968418121
11473154000 47580.5829105377
11479968000 44795.6281261444
11486787000 43045.9023857117
11493629000 40453.4998874664
11500459000 37781.0274600983
11507291000 35123.4434547424
11514116000 33419.6981582642
11520942000 29724.0565013885
11527775000 28077.2219676971
11534610000 24445.2785701752
11541446000 21821.4432601929
11548324000 21483.8770046234
11555142000 18740.5756912231
11561980000 14134.2874221802
11568814000 14502.1842784882
11575651000 11891.7601566315
11589289000 10430.6056785583
11596101000 7654.50470161438
11602926000 5967.9360294342
11609766000 3384.4794883728
11616594000 3720.91274833679
11623434000 2140.10552597046
11630258000 452.036571502686
11637082000 -1234.71275520325
11643910000 -892.994020462036
11650740000 -1536.37950706482
11657947000 -2619.55504798889
11664773000 -5287.37446975708
11671599000 -2953.87348556519
11678428000 -4598.68784332275
11685253000 -5269.33375930786
11692085000 -5891.14034461975
11698909000 -6565.93354606628
11705727000 -7280.14028358459
11712939000 -8318.14029312134
11719763000 -7988.90074157715
11726590000 -7637.97320556641
11733411000 -7326.46275520325
11740248000 -9904.99641799927
11747067000 -8604.42600440979
11753881000 -7336.48902130127
11760706000 -5992.54167366028
11767515000 -7755.92409896851
11781170000 -5027.48052978516
11787995000 -3678.25525093079
11794812000 -2382.04104232788
11801644000 -1982.6362323761
11808478000 -2568.32515716553
11815300000 -234.194169998169
11822138000 209.930213928223
11828934000 1370.10083770752
11835751000 4674.22372245789
11842566000 3966.07805252075
11849395000 6354.34957504272
11856223000 7737.14953804016
11863037000 11026.1642093658
11869854000 12336.8751811981
11876675000 13676.0778923035
11883499000 16036.9807662964
11890318000 18365.2328090668
11903937000 22896.5949001312
11910757000 24235.5910263062
11917576000 27569.1103687286
11924398000 27924.3325767517
11931220000 31280.8736381531
11938042000 33638.7335548401
11944865000 35004.7079639435
11951678000 38304.0433063507
11958493000 39618.2860736847
11965311000 41954.2336387634
11978918000 45432.9792098999
11985733000 46752.4827098846
11992551000 49093.6933231354
11999374000 51470.2071552277
12006194000 52827.6481018066
12013013000 55179.6095600128
12019815000 57417.3267650604
12026639000 59805.9101009369
12033453000 62127.8315830231
12040653000 64075.2305412292
12047470000 64420.2537212372
12054291000 66793.788772583
12061114000 69182.2401580811
12067936000 70565.2116565704
12074758000 69949.5020103455
12081574000 72294.3141498566
12088394000 74667.6416416168
12095218000 76069.4868068695
12102035000 76425.0509586334
12108852000 77781.9320354462
12115682000 79228.5362434387
12122500000 79594.8543434143
12129319000 80969.2906150818
12136145000 82392.6519851685
12142967000 83790.1287536621
12149789000 83188.9243755341
12156609000 83575.4355735779
12163429000 83963.2648544312
12170253000 84379.6203136444
12177068000 84736.0754375458
12183897000 85189.0804672241
12190721000 82609.3940353394
12204370000 83460.7830429077
12211571000 82449.858335495
12218385000 83807.4896259308
12225190000 82105.2044429779
12232006000 79479.0730667114
12238824000 78867.8661632538
12245650000 78312.4098529816
12252464000 78676.6216945648
12259293000 76144.217508316
12266112000 74545.087474823
12272930000 73940.470199585
12279755000 71384.8061275482
12293388000 69161.7442817688
12300210000 67589.6198406219
12307075000 67311.468006134
12314285000 65382.7566318512
12321112000 64848.7035732269
12327986000 64635.8765068054
12334791000 61954.7269897461
12341608000 60356.5723266602
12348441000 56868.6477661133
12355264000 56313.9736385345
12362086000 52753.811290741
12368919000 51269.8519954681
12375741000 49712.3294849396
12382562000 48149.3177871704
12389387000 45614.8574924469
12396218000 44122.567779541
12409911000 40353.0286464691
12416740000 39851.0939235687
12423561000 40296.0071392059
12430407000 38912.4737358093
12437233000 39394.0766677856
12444059000 39877.0000038147
12450884000 40354.433763504
12457705000 38805.946855545
12464534000 38313.2613220215
12471358000 37787.8445682526
12478180000 37250.1259403229
12498665000 34774.2984619141
12505490000 34262.2934932709
12512311000 33724.3616695404
12519133000 32194.5602245331
12526006000 31013.4949989319
12532823000 29452.2796230316
12539639000 28885.5686798096
12553297000 25933.2312469482
12560130000 23486.297164917
12566962000 23033.8729286194
12573783000 22507.8233528137
12580623000 21112.5516624451
12587443000 19582.3288459778
12594274000 18128.3785591125
12601106000 18682.5648384094
12607942000 15265.3315544128
12614768000 15781.2763290405
12621599000 13332.6155776978
12628409000 11742.1619911194
12635239000 9289.32664680481
12642068000 7830.99785614014
12648897000 6373.99062728882
12655720000 5877.41026687622
12662540000 3361.70122337341
12669360000 1847.31026077271
12676187000 381.951910018921
12683024000 -3013.92009544373
12689852000 -4469.81818771362
12696673000 -6972.11369895935
12703497000 -9452.63933753967
12710373000 -10577.3441963196
12717200000 -13034.7679538727
12724031000 -15463.6000499725
12730863000 -16884.2919006348
12737693000 -17317.2972373962
12744553000 -19544.4316616058
12751392000 -20913.4208564758
12758206000 -20451.5517787933
12765023000 -22967.9103012085
12771850000 -23414.7611751556
12778673000 -25887.5683269501
12785496000 -27359.0562362671
12792328000 -28767.848028183
12799159000 -30182.1369457245
12805994000 -30567.8233642578
12812838000 -29890.8037929535
12819670000 -31294.3019828796
12826493000 -31757.8630390167
12833325000 -32158.7175254822
12840155000 -33571.8913059235
12846980000 -34017.8491420746
12853806000 -34455.6655731201
12860637000 -31858.0536594391
12867467000 -29265.9411907196
12874300000 -26652.040845871
12881136000 -25016.3508796692
12887959000 -23468.0273647308
12894797000 -23816.0462589264
12901627000 -23217.3221092224
12908450000 -21665.0366191864
12915284000 -21036.3773765564
12922109000 -22467.8046169281
12928933000 -22904.7353649139
12935749000 -23394.9362258911
12942580000 -23781.4618930817
12949405000 -24207.6098480225
12956235000 -24598.3162994385
12963073000 -25933.1048736572
12969910000 -25273.393081665
12976748000 -24605.5317497253
12983590000 -24909.0450801849
12990410000 -26361.3876800537
12997265000 -25573.5210933685
13004090000 -25989.0924968719
13010918000 -26382.8663425446
13017740000 -26816.2752590179
13024568000 -27207.4079170227
13031398000 -23583.5665435791
13038219000 -20019.8428115845
13045007000 -15680.0854759216
13051823000 -11147.8662242889
13058644000 -7580.19443511963
13065456000 -3072.65071868896
13072272000 1463.51833343506
13085883000 6396.41862487793
13092709000 10004.8148765564
13099525000 10546.2479438782
13106339000 14075.3404445648
13113159000 15646.7211742401
13119984000 16253.5646781921
13126790000 17731.974697113
13133586000 19143.4041519165
13140413000 18767.8574485779
13147242000 20407.2909526825
13154078000 23095.855348587
13160905000 23724.2731361389
13167724000 24299.3693828583
13174544000 27882.6138076782
13181378000 29562.8058013916
13188188000 30080.3803806305
13195022000 31763.2147216797
13201854000 31433.7100467682
13208683000 32085.03373909
13215510000 33724.0157012939
13222347000 34432.6368408203
13229175000 35081.0943450928
13236005000 37744.5374774933
13242828000 39361.4756240845
13249647000 40952.402557373
13256519000 42906.7859401703
13270157000 44095.2487640381
13276989000 45780.2907543182
13290646000 49106.506477356
13297465000 52706.6736984253
13304268000 55198.812040329
13311027000 58391.5503807068
13317829000 61879.4687328339
13324654000 63525.8971881866
13331466000 65084.7915477753
13338319000 67925.2410202026
13345141000 68555.1264610291
13351944000 72056.4560317993
13358742000 75524.9186000824
13365570000 77199.7676773071
13372370000 78684.5273857117
13379131000 80903.9824371338
13385885000 82076.8775463104
13392661000 84401.4719810486
13399489000 86082.8841705322
13406277000 87492.1354598999
13413104000 87169.3450145721
13419924000 89800.0132923126
13433491000 95566.1429672241
13440283000 98009.2869491577
13447106000 99665.7226524353
13453931000 101337.154399872
13460750000 104968.874591827
13467565000 107574.557327271
13474380000 112181.556209564
13481189000 112748.836194992
13487980000 116194.321409225
13494803000 118859.979423523
13501615000 119451.719394684
13508435000 124099.493925095
13515259000 125775.947092056
13522079000 127426.358556747
13528906000 130125.971786499
13535721000 131744.817167282
13542544000 134419.705999374
13549361000 135054.867435455
13556194000 136800.806583405
13563022000 138513.861375809
13569835000 141125.612047195
13576648000 141738.678092957
13583459000 143339.375371933
13590273000 143961.914052963
13597080000 144537.871286392
13603908000 147258.8372612
13610714000 147830.581823349
13617517000 149383.109945297
13624337000 152053.284505844
13631160000 153745.307416916
13637987000 154466.024040222
13644813000 155181.217639923
13651615000 157733.475542068
13658424000 159334.953954697
13665253000 160074.633995056
13672054000 163623.987266541
13678863000 163229.409492493
13685678000 163877.215362549
13692506000 164615.324491501
13699333000 166347.909439087
13706154000 167040.741880417
13712966000 168673.281105042
13719792000 169402.97841835
13726614000 170106.611616135
13733422000 168715.715158463
13740233000 170346.671689987
13747054000 171047.409908295
13753879000 170776.854200363
13760678000 171329.594043732
13767466000 172808.323707581
13774257000 174308.901548386
13781074000 178988.82575798
13787897000 182711.154081345
13794725000 185469.041940689
13801528000 191057.044668198
13808348000 193762.782476425
13815170000 199483.535646439
13821988000 202178.212339401
13828810000 205901.602443695
13842416000 214092.061582565
13849231000 218771.453672409
13856050000 223479.561100006
13862869000 227188.986221313
13869688000 229899.729038239
13876475000 235392.577505112
13890098000 244717.877809525
13896909000 249379.074680328
13903710000 251973.074676514
13910539000 255760.222963333
13917349000 260418.513656616
13924197000 264338.484222412
13931013000 270040.522212982
13937832000 273764.433084488
13944651000 276489.661649704
13951471000 279223.060407639
13958281000 283889.250307083
13965097000 287597.871746063
13971916000 291328.368961334
13978728000 295012.210956573
13985548000 297752.195676804
13992361000 302445.522855759
13999180000 304181.28853035
14006005000 304959.496177673
14012799000 307526.542415619
14019634000 309375.928421021
14026449000 309089.545789719
14033271000 308852.463041306
14040083000 309548.149023056
14046832000 309813.272117615
14053651000 310559.563694
14060434000 310060.371744156
14067250000 310788.724405289
14074078000 310600.665307999
14080900000 311372.790370941
14087669000 311782.847129822
14094479000 312475.321006775
14101296000 315217.106330872
14108111000 315946.494697571
14114930000 315704.627744675
14121756000 317512.079772949
14128587000 317355.139802933
14135397000 319055.510183334
14142134000 319256.56770134
14148875000 321486.343793869
14155711000 322368.944929123
14162526000 324108.842208862
14169317000 324685.447437286
14176523000 327109.791795731
14183352000 328949.735406876
14190165000 329681.25233078
14196988000 331482.679214478
14203815000 331312.863950729
14210638000 334116.930091858
14217466000 335956.615665436
14224283000 337722.159860611
14231103000 337509.602254868
14237964000 338579.648118973
14244744000 340095.302093506
14251566000 341900.420930862
14258397000 342768.609415054
14265226000 341624.397445679
14272052000 341460.92228508
14278864000 345202.702615738
14285689000 346035.003574371
14292504000 346800.002891541
14299314000 347532.006565094
14306133000 349327.087421417
14312947000 351089.172246933
14319770000 351914.339277267
14326613000 352878.088182449
14333436000 353705.897562027
14340248000 354459.527477264
14347068000 357269.382074356
14353900000 358162.921615601
14367519000 360645.075731277
14374329000 361391.556070328
14381142000 364159.944660187
14387971000 365039.486553192
14394787000 366831.104175568
