38000 -170263.69047993
6893000 -170016.385506868
13712000 -170110.412092896
20535000 -171170.872549087
27357000 -173244.625345692
34126000 -174818.895353794
40962000 -174769.291074499
47796000 -176742.360965945
54633000 -177691.261488922
61459000 -178747.142002381
68289000 -178769.480525672
75129000 -178702.086222336
81971000 -179619.902085856
88781000 -181841.346280366
95585000 -180122.88496761
102327000 -180988.891619518
109082000 -178737.003137633
115835000 -179507.684615999
129717000 -177540.571670145
136477000 -177257.465101779
143224000 -177099.895649076
149977000 -177890.001428843
156728000 -176702.668002486
163476000 -177547.250804365
170225000 -176386.311603904
176974000 -175229.209816575
183728000 -174029.159737647
190476000 -173889.092191696
197225000 -172743.504918098
203977000 -172573.68875286
210727000 -169426.423145145
217479000 -171264.28749305
224229000 -169124.700123429
230984000 -169942.185505599
237735000 -167800.925489396
244488000 -167644.801117152
251240000 -166501.870161027
257991000 -165372.130914509
264740000 -163264.931986928
271500000 -164058.723260105
278255000 -163903.110349655
285009000 -160760.690286338
291763000 -160622.113324225
298512000 -159534.116814196
305266000 -160403.223209262
312017000 -159304.211703002
318769000 -157199.694120705
325521000 -158099.017363846
332273000 -157002.181432486
339027000 -156890.498212039
345773000 -155857.406000257
352529000 -155734.718590736
359286000 -154606.534208357
366040000 -153510.22168541
372801000 -154352.363779724
379633000 -152535.171567917
386497000 -153423.029841363
393327000 -152632.39977175
400188000 -151556.193702519
406950000 -151408.44819212
413738000 -152021.773029923
420565000 -152274.829375148
427378000 -149662.524929643
434204000 -148932.762512624
441032000 -150188.254644096
447840000 -150634.372331321
454656000 -150009.720291138
461477000 -150342.313527644
468305000 -150613.494329035
475133000 -151888.602906585
481954000 -151232.963368654
488781000 -151525.254912257
495606000 -151840.134812713
502438000 -150093.627006173
509271000 -151341.721864581
516101000 -150621.737670302
522941000 -150812.397922039
529773000 -150081.623662293
536606000 -149345.454370499
543443000 -148575.911266804
550280000 -147810.306300521
557110000 -149113.91925776
563937000 -148449.437618852
570773000 -147704.961805463
577601000 -148039.014636636
584426000 -148404.965391636
591249000 -147793.48608768
598069000 -146213.895509243
604891000 -145619.580190897
611719000 -146973.259247184
618541000 -146386.789129734
625365000 -144785.600020885
632238000 -144731.685608268
639042000 -144324.746632934
645862000 -143772.61654973
652694000 -144112.593462706
659519000 -143521.722147107
666341000 -143962.72460115
673152000 -143510.122911334
679970000 -142996.222128272
686788000 -143486.237624884
693608000 -141961.541032195
700426000 -140459.390236974
707247000 -138933.216614962
714083000 -141271.275819659
720915000 -138650.519544363
727753000 -139977.827800751
734620000 -138039.064164996
741444000 -137504.609858274
755485000 -135789.038528442
762317000 -138192.112518549
769139000 -137692.197093964
775947000 -137326.504001856
782767000 -136853.035629034
789585000 -136402.098030567
796416000 -135834.104905725
803253000 -136214.213325977
810082000 -134672.694854021
816907000 -137172.320494771
823739000 -135610.747911215
830558000 -134174.042105794
837394000 -135583.118515253
844224000 -135051.940880179
851058000 -133487.489643812
857881000 -133029.276875973
864710000 -133519.187516332
871534000 -132059.523054481
878367000 -132520.094195843
885206000 -130928.810610652
892036000 -131425.14466846
898864000 -130944.002587438
905687000 -130513.269867182
912511000 -131077.163430333
919339000 -129607.799500465
926163000 -130179.541714311
932980000 -128820.265225649
939803000 -127409.143208981
946635000 -126918.30740881
953466000 -128440.696279645
960289000 -127041.350112438
967120000 -125571.59683609
973945000 -125161.518185735
980769000 -125764.653852224
987590000 -124399.580944777
1001261000 -123411.834584236
1008089000 -123993.523690581
1014913000 -122616.289032459
1021743000 -121187.258310676
1028565000 -120836.445382476
1035386000 -121498.838721037
1042205000 -120183.721417546
1049021000 -117900.374266744
1062658000 -114299.00644803
1069476000 -113008.839078903
1076295000 -111713.306045771
1083115000 -110412.409071922
1089943000 -107041.184321165
1096766000 -105720.288441658
1103589000 -105403.314587593
1110400000 -102201.611598492
1117217000 -101948.145873308
1124032000 -99717.1511230469
1130852000 -97443.6824684143
1137672000 -96174.1323914528
1144492000 -93908.5008921623
1151310000 -91665.3392176628
1158147000 -91249.8678984642
1164970000 -88968.1773309708
1171787000 -88746.0521798134
1178600000 -86564.9354581833
1185414000 -83378.4565234184
1192217000 -81297.8832221031
1199050000 -79943.0608935356
1205874000 -78675.6113345623
1212700000 -77393.5440475941
1219545000 -76939.2745916843
1226364000 -73729.9542849064
1233185000 -72506.013954401
1240007000 -71276.7251989841
1246829000 -69051.3573200703
1253660000 -67746.5073041916
1260470000 -65640.1834726334
1267676000 -64868.4953055382
1274505000 -63594.1731908321
1288540000 -58564.7581868172
1295362000 -57367.2841639519
1302175000 -56257.097237587
1308989000 -55141.5585095882
1315804000 -53020.6697015762
1322621000 -51885.1713447571
1329436000 -50772.1093530655
1336255000 -48625.9200241566
1343458000 -48928.0185728073
1350262000 -45928.7676329613
1357079000 -44813.0591516495
1363894000 -41719.7812292576
1370704000 -41676.7018418312
1377520000 -38581.9901504517
1384330000 -37546.7283942699
1391142000 -35496.8628954887
1397948000 -34506.4358558655
1404761000 -32455.1314222813
1411579000 -30361.4690415859
1425197000 -29352.4389955997
1432009000 -27326.0269665718
1438822000 -25294.2729256153
1445634000 -24275.6802499294
1452445000 -21270.247218132
1459257000 -21259.4727482796
1466070000 -19243.3585622311
1472923000 -17861.2137019634
1479739000 -17825.1996872425
1486552000 -13820.8417956829
1493370000 -13774.160410881
1500179000 -10814.6113932133
1506994000 -9803.49437212944
1513801000 -8870.2508597374
1520615000 -5876.19942426682
1534628000 -2341.14328312874
1541442000 -1359.04791998863
1548255000 609.893575191498
1555064000 1537.95809984207
1561873000 3462.11667728424
1568674000 5308.44561600685
1575485000 7243.27666449547
1582300000 10211.1567263603
1589109000 11119.6915149689
1595935000 14181.3691751957
1602749000 15128.2702739239
1609554000 16988.1265304089
1616370000 17945.6823112965
1623184000 18880.852370739
1629995000 20784.4048581123
1636804000 23665.5796597004
1643619000 24598.2534022331
1650435000 26536.2478847504
1657256000 27516.4933805466
1664075000 30474.3543007374
1670893000 32419.0659422874
1677701000 35267.5485436916
1684515000 36167.5105612278
1691334000 37109.7115335464
1698190000 38389.488496542
1705002000 40259.230522871
1711817000 42152.7483668327
1718648000 43189.9986155033
1725466000 43103.3633623123
1732281000 44985.1317954063
1739091000 45816.856872797
1745892000 45561.645075798
1752706000 46422.4609584808
1759516000 47242.4676208496
1766326000 48058.5671887398
1773138000 49889.2061345577
1779953000 48743.6036765575
1786768000 49594.0883848667
1793580000 48412.9957177639
1800393000 50237.214600563
1807207000 50066.7433116436
1814013000 51818.6019999981
1820824000 52612.6542766094
1827638000 52430.4542453289
1834449000 53216.6883161068
1841260000 54999.0141451359
1848092000 55970.9870989323
1854910000 55809.9988241196
1861733000 54691.1731317043
1868549000 56503.9190299511
1875360000 56266.6778264046
1882177000 58080.8126809597
1888990000 56854.1785023212
1895802000 58614.4208841324
1902615000 59379.9662036896
1909438000 59233.7185208797
1916259000 60065.1264555454
1923078000 59874.1934556961
1929891000 62624.0828490257
1936714000 61462.156260252
1943526000 64195.0099570751
1950347000 65006.8290266991
1957168000 66814.7283697128
1963982000 67554.2578828335
1970796000 68289.8757102489
1977627000 70178.0840051174
1984448000 69970.3067395687
1991263000 71703.3805916309
1998074000 71395.7244675159
2012078000 74284.2800822258
2018895000 75019.8952257633
2025713000 75760.7971961498
2032534000 75525.3870344162
2039349000 77230.8522973061
2046161000 76904.8040235043
2052975000 76593.2456805706
2059792000 78305.3729102612
2073808000 80231.4879257679
2087814000 79049.0853159428
2094625000 79686.0269479752
2101461000 79548.9497520924
2108278000 81233.2305631638
2115095000 80913.5962433815
2128723000 80207.422539711
2135529000 82774.9265191555
2142394000 81880.8636322021
2149173000 81192.3567910194
2155984000 82794.0898151398
2170014000 80735.2765789032
2176832000 82389.3753428459
2183650000 83039.557826519
2190471000 81713.3882608414
2204474000 82365.76521492
2211291000 80990.883728981
2218110000 81630.4586081505
2224925000 82229.3753633499
2231742000 81842.7484846115
2238548000 83351.1821908951
2245365000 81956.7313680649
2252182000 83558.3654136658
2258991000 83082.6258997917
2265796000 82566.253516674
2272604000 83073.5232458115
2279423000 83677.8745884895
2286242000 83278.3085026741
2293066000 83920.7221550941
2299876000 83430.7086081505
2306688000 81955.1445379257
2313500000 84475.6710777283
2320318000 83047.3510522842
2327125000 83514.1725516319
2333932000 81977.0903973579
2347563000 84047.1874551773
2354381000 82599.3015408516
2361194000 84101.6308808327
2368013000 83655.0883979797
2374838000 83259.6637530327
2381651000 82750.251147747
2388464000 82236.9280042648
2395273000 82683.0110349655
2402090000 81198.5501055717
2416107000 81729.6417808533
2422927000 82260.720972538
2429737000 82696.2024021149
2436555000 82201.1154961586
2443377000 81738.7793903351
2450191000 84199.1928448677
2457006000 83664.8602356911
2463822000 83135.7798399925
2477830000 84511.4971175194
2484649000 82997.9487409592
2491463000 83434.6693434715
2498277000 83867.4782600403
2505096000 84342.1833424568
2511917000 83831.2929878235
2518721000 83160.7557406425
2525536000 84587.0766143799
2532356000 83055.2810230255
2539174000 83501.249455452
2545989000 85915.8272337914
2552802000 84308.1770768166
2559626000 85797.3431239128
2566441000 85200.178381443
2573265000 85681.5032510757
2580096000 85222.9917082787
2586911000 85614.0741100311
2593781000 87504.7192249298
2607336000 85580.785197258
2614149000 86937.9229812622
2620965000 86318.605653286
2627780000 85686.2231087685
2634598000 85077.3797097206
2641416000 84464.62003088
2648286000 85323.7185301781
2655072000 85410.3305497169
2661879000 84685.1785736084
2668691000 85001.8618831635
2675517000 85442.69678545
2682325000 84714.9667253494
2689132000 84974.1858010292
2695947000 83302.6651558876
2702756000 82572.3621726036
2709573000 82911.3079910278
2716389000 84237.1949100494
2723211000 83614.0270137787
2730027000 82932.0825223923
2736839000 85209.6558647156
2743650000 85474.1783442497
2750462000 86743.9334807396
2757288000 86137.74376297
2764098000 86381.3925857544
2770911000 87648.5518417358
2791357000 89490.5285573006
2798174000 89778.5891604424
2804987000 90026.1894140244
2811802000 89288.1505908966
2818608000 90463.9825220108
2825421000 88699.8540325165
2832237000 88959.2170324326
2839049000 90178.1323099136
2845869000 89466.2010860443
2852681000 88677.2929925919
2859495000 89902.7389349937
2866314000 90169.9288840294
2873125000 90360.1568918228
2879939000 91573.8666291237
2886755000 90801.9235129356
2893569000 90007.8087301254
2900385000 89228.0387973785
2907197000 90407.8441081047
2914012000 91611.1213874817
2920835000 90883.4981951714
2927647000 92051.5673017502
2934467000 90288.7301917076
2941287000 91521.9745049477
2948093000 92623.5607700348
2954917000 91885.4706664085
2961727000 93015.7339982986
2968539000 93160.3352870941
2975353000 92319.2710905075
2982174000 91538.1448507309
2988987000 92680.1324605942
2995798000 93799.9690747261
3002612000 91943.2564125061
3016260000 94400.4661588669
3023072000 93513.771094799
3029888000 93659.636071682
3036704000 92801.5870661736
3043517000 92912.2754511833
3050336000 91073.7471079826
3057150000 91185.7260341644
3063958000 92239.1063537598
3070769000 92315.9236135483
3077582000 92407.0593099594
3084391000 90457.8334069252
3091204000 91541.1503238678
3098021000 90657.0031723976
3112034000 91329.8250589371
3118844000 90369.9458088875
3125649000 90360.6130175591
3132459000 89392.9224472046
3139272000 89448.6492090225
3146082000 91473.1427283287
3152907000 91630.3340620995
3159716000 90637.8983674049
3166536000 91741.7210254669
3173358000 90859.835647583
3180167000 90855.668343544
3186981000 90893.1157059669
3193796000 90935.7549314499
3200613000 90992.6872711182
3207429000 91036.6020803452
3214240000 91031.0937776566
3221058000 89085.3859968185
3227863000 91017.4531245232
3234694000 89182.221596241
3241507000 90179.2673330307
3248318000 89154.2046222687
3255121000 88052.4466161728
3261932000 90019.572010994
3268737000 88928.2057566643
3275548000 89887.5181107521
3282742000 87326.7174453735
3289553000 88277.9935445786
3296365000 87234.4563088417
3303177000 88187.009683609
3310002000 89253.8725333214
3316826000 88307.717874527
3323635000 88221.2509036064
3330451000 88194.5222358704
3337265000 87145.6966633797
3344080000 87102.0502920151
3350891000 86018.1298332214
3357707000 86975.749830246
3364530000 85993.0799975395
3371340000 85888.3364672661
3378153000 85806.9498929977
3384972000 85776.1774353981
3391790000 86732.4006824493
3398604000 84648.3624744415
3405421000 86587.6697402
3412232000 85468.5510025024
3419059000 85490.8771615028
3425886000 84509.2766942978
3432701000 84414.7485532761
3439560000 84715.9527673721
3446359000 83468.2573781013
3453168000 84307.4844789505
3459984000 84206.3734936714
3466792000 84028.7041358948
3473593000 83783.5701475143
3480411000 82688.8892259598
3494460000 83237.0898137093
3501276000 80112.2675375938
3508084000 81910.9147181511
3514899000 80769.1925754547
3521711000 79596.3298311234
3528518000 81374.1809549332
3535327000 81166.2779755592
3542164000 80208.5466585159
3548981000 80065.4047245979
3555800000 79936.4937605858
3562617000 80785.5204162598
3569437000 78657.8476448059
3576257000 79526.2562971115
3583073000 78354.4633607864
3589885000 79142.475728035
3596698000 78935.6483106613
3603523000 78833.7387189865
3610349000 77736.9732561111
3617164000 78536.5356373787
3623967000 79223.3775010109
3630783000 79024.1878371239
3637602000 77848.2826676369
3651612000 79856.8978276253
3658431000 77669.0266628265
3665240000 77386.5997714996
3672053000 77136.5199589729
3678866000 76882.5296082497
3685682000 76651.8150444031
3692498000 77417.1864981651
3699309000 78133.3391704559
3706117000 77818.4024419785
3712943000 78662.6375317574
3719759000 77412.3547787666
3726571000 77121.9233908653
3733377000 77773.2340764999
3740216000 76719.5402517319
3747038000 76507.9380364418
3753849000 78192.7949337959
3760658000 77855.6320066452
3767478000 78614.170522213
3774284000 78242.0254602432
3781100000 78956.5185885429
3787919000 77694.2582197189
3794727000 78328.4982938766
3801549000 78085.5664262772
3808369000 77820.6101398468
3815184000 79506.4792871475
3821999000 79188.4356012344
3828815000 78875.5291309357
3835668000 78893.5391998291
3842486000 78590.881313324
3849297000 78220.9688820839
3856107000 77838.1004590988
3862928000 76550.8438763618
3876944000 77347.7794032097
3883757000 76976.1853561401
3890568000 76582.5910782814
3897377000 77167.0000123978
3904191000 76792.7214951515
3911000000 76369.3156661987
3917815000 75996.2591991425
3924639000 76700.6676893234
3931467000 75437.3186092377
3938282000 76052.5110092163
3945098000 75672.8308281898
3951911000 75262.1176285744
3958716000 75775.1810498238
3965528000 76347.6128354073
3972336000 76879.983399868
3979157000 74525.935154438
3985978000 74167.9671826363
3992790000 74724.7533740997
3999606000 75313.7728190422
4006426000 75935.0186257362
4013243000 75525.2423205376
4020059000 75102.5169467926
4026872000 74648.7775006294
4033687000 73209.1930952072
4040490000 75657.3092684746
4054506000 73244.5759911537
4061323000 72807.1864404678
4068140000 73365.8817591667
4074959000 72938.7205710411
4081773000 73462.4982643127
4088585000 72964.3079442978
4095398000 73471.2358241081
4102213000 72992.3071985245
4109029000 73518.4921813011
4115836000 74959.5303692818
4122656000 73513.9937314987
4129475000 75055.5137972832
4136290000 74557.0198535919
4143108000 75081.6837892532
4149919000 75539.2704677582
4156739000 75074.1507101059
4163536000 75397.6098513603
4170356000 76924.6661529541
4177209000 76745.4869532585
4184024000 78219.5865216255
4190838000 76680.7537064552
4197653000 77147.0281805992
4204466000 76591.3530182838
4211279000 77031.7673182487
4218085000 78405.1503038406
4224894000 77801.6808252335
4231707000 77230.36982584
4238570000 78105.9248104095
4245359000 77310.405107975
4252173000 76736.3619542122
4258990000 76185.448539257
4265804000 76603.5802922249
4272621000 77044.8383378983
4279434000 77446.1329112053
4286247000 78843.5169467926
4293066000 78291.0560693741
4299881000 77698.6363120079
4306712000 78246.4603309631
4313531000 77682.2425718307
4320363000 78231.2196779251
4327175000 78596.1031508446
4333995000 78029.1371479034
4340811000 77422.2249097824
4347637000 77901.4620895386
4354460000 78349.7564992905
4361290000 77857.1652126312
4374913000 76527.0429201126
4381725000 77860.6202831268
4388542000 78235.3027257919
4395359000 77606.0700368881
4402172000 77936.9152364731
4408994000 77344.8604373932
4415814000 78730.8835697174
4422634000 77112.9881238937
4429459000 78536.1713342667
4436280000 76919.4347324371
4443091000 78208.7954301834
4449905000 79521.2410564423
4456720000 77838.7721481323
4463538000 79179.3801307678
4470348000 79444.1038255692
4477169000 77803.8701248169
4484033000 78546.4952640533
4490826000 77646.5576972961
4497639000 78922.6065816879
4504452000 77194.7449274063
4511262000 77435.9950723648
4518084000 76781.2418880463
4524899000 77059.6279878616
4531720000 76388.0462427139
4538535000 76658.6032304764
4545350000 76925.2473840714
4552161000 76152.0222702026
4558983000 76473.762793541
4565792000 75674.7389612198
4572605000 75907.758728981
4579416000 75118.8943328857
4586227000 75326.1216964722
4593040000 77547.4121465683
4599862000 76845.6578741074
4606674000 78050.1375665665
4613492000 77304.6115236282
4620309000 77546.1858320236
4627120000 75729.9482479095
4633938000 75972.6779603958
4640757000 76220.4730377197
4647571000 77419.4453334808
4654391000 77668.3889226913
4661204000 76850.5544805527
4668019000 77046.7681980133
4674829000 78194.1752090454
4681644000 78382.5661287308
4688453000 77513.1784563065
4695273000 76738.6324138641
4702090000 76933.238360405
4708909000 77141.8809833527
4715741000 77463.285443306
4722549000 77565.363451004
4729368000 77762.2526388168
4736193000 77009.0660276413
4743009000 77171.1978216171
4749828000 75356.3330011368
4763455000 75616.1666927338
4770267000 74726.7607698441
4777079000 75833.4454574585
4783895000 73972.0990991592
4790696000 74972.3035764694
4804369000 73597.7405414581
4811178000 72657.9523153305
4817989000 70732.1915683746
4824809000 70883.217833519
4831627000 72012.3943910599
4838441000 72101.794708252
4845261000 71241.0698375702
4852082000 72385.3902292252
4858902000 70516.827627182
4865717000 69599.5329866409
4872543000 68776.9088087082
4879360000 68869.7052707672
4886224000 68379.7520399094
4893032000 68384.0477294922
4899848000 69456.1171579361
4906663000 68515.3133621216
4913480000 67588.5140676498
4934297000 68062.8618278503
4941116000 67138.1044912338
4947927000 66137.7835960388
4954741000 67160.4200372696
4961562000 65241.8271188736
4968379000 66283.4983005524
4975197000 66330.2078199387
4989212000 63804.8013086319
4996022000 62767.9305772781
5002840000 62798.7618751526
5009648000 61736.1712322235
5016461000 62714.4257526398
5023286000 61796.1627521515
5030104000 59811.3335266113
5036920000 59804.6914844513
5043735000 58785.1877632141
5050547000 57734.9298477173
5057365000 56734.441822052
5064174000 55649.5237636566
5070982000 55551.754360199
5084622000 54559.1631803513
5091443000 51565.9333992004
5098256000 52497.2390823364
5105068000 51415.691699028
5111887000 49392.8286008835
5118705000 49357.1066951752
5125524000 50326.4093141556
5132345000 47309.6749629974
5139151000 48154.9260540009
5145963000 48049.9091329575
5152779000 47976.7368545532
5159980000 46340.7488613129
5166800000 46295.2768468857
5173623000 45272.6965093613
5180432000 45121.0876598358
5187276000 44278.3189735413
5194094000 44199.2933998108
5200908000 43080.613735199
5207725000 41984.8240213394
5214537000 41840.4526529312
5221350000 40701.1046247482
5228166000 39584.6425304413
5234977000 39419.6085395813
5241794000 38304.2523603439
5248628000 38336.7984218597
5255440000 37168.952922821
5262260000 35068.6323137283
5269072000 35892.9634437561
5275885000 33722.3133220673
5282695000 32520.9699726105
5289508000 31342.5004968643
5296319000 30142.2676534653
5303121000 30857.7939920425
5309960000 29899.6573047638
5316784000 28803.709821701
5323598000 29614.5979986191
5330395000 28269.8742494583
5337214000 27117.5636634827
5344017000 26818.5773143768
5350833000 24631.6755952835
5357646000 24414.0961503983
5364454000 24148.0027942657
5371273000 22976.1257476807
5378098000 22853.8484258652
5384909000 22602.7814645767
5391721000 22356.7246398926
5398533000 21106.7584247589
5405352000 18915.3034267426
5412172000 19728.8476543427
5425792000 16165.8702516556
5432607000 15923.0955734253
5439426000 14712.0654973984
5446238000 12434.7215013504
5453054000 12189.1209583282
5459868000 9921.78116130829
5466685000 10677.2658634186
5473495000 8366.45501995087
5480309000 8087.38073825836
5487120000 7777.66374969482
5493939000 5535.31665039062
5500754000 3253.41535663605
5507583000 5092.32186698914
5514395000 3775.86273860931
5521214000 1517.84649944305
5528029000 220.285256385803
5534844000 -81.1888208389282
5541663000 -1350.95275020599
5548474000 -2695.87547588348
5555285000 -3044.70644569397
5562106000 -6308.40542125702
5568922000 -7620.54136753082
5575734000 -8972.20279598236
5582548000 -10309.9690113068
5589361000 -11660.5486392975
5596180000 -12961.6318893433
5602994000 -14311.1354579926
5609803000 -15709.05073452
5616623000 -16012.978222847
5623434000 -17400.9139919281
5630247000 -17774.961438179
5637063000 -18126.2262973785
5643870000 -19561.4793462753
5650679000 -19982.8429269791
5657495000 -21345.8405456543
5664304000 -22775.0200357437
5671120000 -22145.8416004181
5677940000 -24485.0000886917
5684762000 -25810.2897758484
5691596000 -27032.7829666138
5698411000 -27428.1690788269
5705225000 -27836.3599891663
5712048000 -29168.4400663376
5718861000 -30593.3503322601
5725672000 -31039.9516201019
5732486000 -31463.7921447754
5739318000 -33731.5406627655
5746121000 -33260.9886074066
5752928000 -35758.78383255
5759738000 -36233.8205900192
5766560000 -37606.1228590012
5773378000 -39017.8908987045
5780192000 -38469.1178150177
5787006000 -39924.2564182281
5793824000 -43347.7687005997
5800641000 -45784.0811891556
5807454000 -46259.8422212601
5814282000 -47606.2721157074
5821095000 -49089.8628320694
5827915000 -49515.1926803589
5834717000 -51104.3001022339
5841542000 -53493.054356575
5848357000 -52974.532002449
5855169000 -54486.5604791641
5861983000 -55984.7408294678
5868799000 -57469.0764951706
5875615000 -58957.3261432648
5882447000 -59307.4572038651
5889267000 -59768.0381622314
5896076000 -62330.1724472046
5902893000 -62825.2101774216
5909707000 -66350.7872524261
5916522000 -65871.4018507004
5923339000 -64378.1821012497
5930157000 -64880.0044679642
5936972000 -62412.3604373932
5943818000 -61673.6013994217
5950639000 -61160.5730962753
5957452000 -60722.4302434921
5964258000 -58350.2889232635
5971067000 -57955.441403389
5977871000 -55608.8448066711
5984683000 -54195.2010469437
5998341000 -54078.1544294357
6005154000 -52667.3916549683
6011969000 -49242.8071718216
6018785000 -49813.2699728012
6025601000 -48387.6467571259
6032415000 -45983.6663246155
6039235000 -43530.4146203995
6046042000 -43196.303768158
6052851000 -41848.3712110519
6059662000 -40486.6203918457
6066483000 -38040.1625061035
6073299000 -37641.9291276932
6080114000 -37256.4701128006
6086922000 -34936.9425888062
6093735000 -33577.023692131
6100550000 -31203.2980117798
6107369000 -30798.052822113
6114180000 -29467.5851535797
6120994000 -27114.454914093
6127810000 -25747.5236320496
6134610000 -23526.198972702
6141420000 -22220.2177686691
6155042000 -19602.2685050964
6161865000 -18192.9142951965
6168682000 -16840.5996313095
6175494000 -14536.4618291855
6182308000 -12218.5298719406
6189119000 -9931.06319522858
6195944000 -10523.5960245132
6202755000 -7243.95386600494
6209572000 -5915.12309551239
6216386000 -3616.75415992737
6223198000 -2339.99356460571
6230013000 -1040.59909820557
6244030000 970.081117630005
6250850000 4301.74487400055
6257673000 5656.02632427216
6264489000 6944.47180747986
6271301000 8193.62621116638
6278110000 9412.3401222229
6284930000 10724.4224834442
6291722000 13784.9947786331
6298530000 14983.1523084641
6305342000 15212.7706670761
6312156000 17456.1613016129
6318972000 18713.3207674026
6325805000 20116.8408727646
6332614000 21304.288848877
6339424000 21496.6694145203
6346234000 23685.1428852081
6353049000 24913.8961992264
6359862000 27121.0630531311
6366680000 28368.5005674362
6373490000 29541.3364801407
6380357000 31213.8653936386
6387151000 32237.5021915436
6393970000 33478.0987625122
6400787000 34697.1111726761
6407601000 34885.7100772858
6414410000 36026.2362070084
6421227000 37233.5095415115
6428045000 39445.6988153458
6434867000 40689.2937889099
6441693000 40964.2875642776
6448518000 43226.5265207291
6455327000 43343.580827713
6462131000 45412.5881996155
6468945000 47565.9715986252
6475758000 48706.6162624359
6482568000 47816.8709621429
6489381000 49949.69627285
6496187000 52016.8337478638
6503019000 53309.5123233795
6509842000 55518.840918541
6516663000 55706.6002817154
6523488000 57925.7320327759
6530311000 58123.2945508957
6537127000 61255.1818885803
6543928000 61250.8356580734
6550741000 61348.4414482117
6557555000 63450.9568595886
6564372000 63576.0193367004
6571193000 64732.4427213669
6578010000 65849.6726408005
6584842000 67095.2553310394
6591654000 68160.5599470139
6598476000 71310.1222848892
6605293000 71411.6830644608
6612130000 71685.6399431229
6618946000 73770.5439882278
6632569000 76849.2855882645
6639383000 77904.8263263702
6646194000 78930.0173063278
6659811000 80924.6168231964
6666651000 80193.6040334702
6673469000 83264.8210258484
6680285000 83314.5021018982
6687103000 83377.8876838684
6693923000 84454.9743261337
6700747000 85563.3747701645
6707564000 86606.1993980408
6714389000 86715.5644607544
6721205000 88741.7478599548
6728026000 88808.0462617874
6734837000 89782.372713089
6741643000 89708.7676763535
6748449000 91631.2601337433
6755264000 93629.0816049576
6762085000 92675.807806015
6768900000 94665.8001642227
6775718000 95678.2850246429
6782527000 96607.6427640915
6796150000 97498.6406888962
6802968000 100495.473067284
6809783000 99461.9924402237
6816605000 101486.187319756
6823415000 101400.888205528
6830228000 103338.073555946
6837033000 104200.975468636
6843847000 105139.140375137
6850665000 106108.575453758
6857483000 106074.094252586
6864303000 106053.285404205
6871128000 107072.526680946
6877940000 107973.532473564
6884757000 107914.591838837
6891575000 109860.528090477
6898386000 109741.007957458
6905199000 111635.16132164
6918821000 112376.577548027
6925640000 113311.736484528
6932455000 116207.823698044
6939267000 116073.634077072
6946086000 117997.047047615
6952893000 118811.100373268
6959710000 117709.11282444
6966514000 120488.995995522
6973327000 120344.04513073
6980141000 119203.968283653
6986947000 119989.707891464
6993762000 120850.595674515
7000572000 120663.656450272
7007376000 121420.116560936
7014188000 122242.929965973
7021028000 124307.705142021
7027839000 124113.903160095
7034649000 124907.41297245
7041466000 125758.471420288
7048284000 125614.393553734
7055096000 127413.729959488
7061911000 128235.489976883
7068728000 129070.891347885
7075549000 128937.483661652
7082363000 130738.724640846
7089175000 131518.503192902
7095991000 131329.471541405
7102803000 133101.429018021
7109618000 132895.798049927
7116427000 134633.615802765
7123238000 133385.072608948
7130057000 135202.796586037
7136877000 134025.374486923
7143688000 135765.096812248
7150502000 134527.221508026
7157310000 136232.816737175
7164119000 135943.276223183
7177776000 137694.425753593
7184592000 137454.516350746
7191397000 139114.258626938
7198208000 138822.696653366
7205021000 140544.757659912
7211836000 140280.438199997
7218646000 139968.383595467
7225454000 140634.894116402
7232272000 141385.132990837
7239086000 143096.404623032
7245905000 141847.57540226
7252717000 142533.497608185
7259528000 142206.749404907
7266340000 141884.853404999
7273153000 142567.807886124
7279964000 141229.333234787
7286787000 141992.055013657
7293597000 142636.9988451
7300417000 141365.611323357
7307236000 142081.548225403
7314042000 142679.734169006
7320854000 141326.55272007
7327675000 141048.259381294
7334485000 140669.744580269
7341298000 142313.585073471
7348111000 142953.515029907
7354928000 142624.546375275
7361738000 142230.395736694
7368608000 143357.447886467
7375419000 142964.19989109
7382244000 142689.553181648
7389058000 143314.730987549
7395897000 142154.735377312
7402717000 141824.569191933
7409539000 143507.981191635
7416356000 141143.733283043
7423177000 141810.559171677
7429958000 142123.598991394
7436791000 139887.561433792
7443619000 140603.862798691
7450446000 140307.491454124
7457273000 142007.193482399
7464047000 141239.548226357
7470876000 139948.913913727
7477664000 140295.902461052
7484463000 140735.171874046
7491285000 140371.601177216
7498106000 139995.368685722
7504925000 139597.735776901
7511739000 139152.486591339
7518558000 136747.021698952
7525376000 137328.900756836
7532199000 137950.553771019
7539007000 137437.222671509
7545816000 135928.723670959
7552638000 133529.89095211
7559505000 132520.246017456
7566328000 133122.280853271
7573154000 131746.597453117
7579987000 131428.126722336
7586804000 128965.987333298
7593617000 128465.001324654
7600430000 126960.10477829
7607250000 127512.419761658
7614072000 125078.278465271
7620890000 125605.293995857
7627708000 125128.393245697
7634521000 123603.929086685
7641305000 121822.41764164
7654888000 118378.678461075
7661710000 117917.157701492
7668530000 119434.262944221
7675360000 118034.709469795
7682191000 114639.95132637
7695730000 113765.556852341
7702525000 113045.022774696
7709349000 109573.56937027
7716176000 109124.360431671
7723009000 108723.556695938
7729835000 106257.769659042
7736665000 105822.940430641
7743492000 107358.020388603
7750324000 104932.772070885
7757149000 105442.557710648
7763971000 105922.263464928
7770721000 105770.356046677
7777493000 105806.39248085
7784320000 105317.989756584
7791146000 103816.944174767
7797981000 102390.41401577
7804799000 103811.791665077
7811621000 104264.111058235
7818452000 102790.93495369
7825272000 101217.980710983
7832102000 101728.2356987
7838918000 99112.5897312164
7845687000 98083.582988739
7852432000 95841.6504583359
7859234000 96092.3833875656
7866027000 95260.8290996552
7872810000 93338.2936964035
7879590000 91385.75578022
7886360000 91342.2630290985
7893167000 90617.0915269852
7899963000 88792.2386827469
7906741000 86806.7779455185
7913525000 85869.6822719574
7920299000 84841.6557846069
7927098000 82027.3828573227
7933887000 82122.1734008789
7940658000 80056.4154958725
7947450000 81169.5594511032
7967778000 76068.0078134537
7974549000 74982.9170131683
7981334000 74015.7666597366
7988125000 73096.9356622696
7994924000 72243.8118476868
8001721000 70369.3965702057
8008531000 70604.1620225906
8015337000 68800.2310085297
8022137000 68940.2168684006
8028932000 70032.8261117935
8035732000 69165.0235786438
8042502000 70032.473818779
8049293000 69078.6468763351
8056059000 67903.5868263245
8062835000 68811.603427887
8069639000 66959.1493968964
8076416000 68868.1058540344
8083199000 68825.342748642
8089978000 67743.9392499924
8096768000 67754.2594614029
8103558000 67760.6954956055
8110312000 67450.431101799
8117085000 65301.4102735519
8123867000 65226.7184925079
8130688000 65486.9691228867
8137473000 64430.5661554337
8144285000 63604.8197059631
8151052000 62384.2980270386
8157879000 62681.0386476517
8164692000 62852.2660064697
8171513000 62089.0563163757
8178330000 57287.1924533844
8185146000 57472.7304239273
8191961000 56645.6719474792
8198778000 54832.0644159317
8205593000 55997.1791238785
8212376000 53880.5972642899
8219145000 53638.6168193817
8225964000 51826.7562026978
8232787000 50045.6942520142
8239546000 50705.2893915176
8246303000 48343.6799678802
8253057000 47952.1920814514
8259810000 45548.1843471527
8266629000 44712.9622068405
8273454000 42925.8762245178
8280275000 43100.1658248901
8287101000 42313.9079389572
8293924000 43497.7029590607
8300730000 42530.1298761368
8307487000 43133.690612793
8314291000 43140.9962997437
8321109000 43265.8039369583
8327929000 43404.037311554
8334713000 42226.2164525986
8341478000 42879.7908287048
8348241000 42512.1709823608
8355065000 43669.4899702072
8361902000 42935.571685791
8368729000 43111.0395612717
8375555000 43273.9138154984
8382375000 42380.8640699387
8389207000 44587.8858985901
8396039000 44790.9753465652
8409732000 44436.6165094376
8416558000 46575.9108829498
8423378000 47659.3019828796
8430178000 47565.5266485214
8436931000 49060.7500171661
8443784000 48418.2565813065
8450597000 49425.3796854019
8457394000 49290.0306510925
8464193000 50168.1084804535
8470966000 50817.1589651108
8477735000 49427.711148262
8484489000 50904.5358781815
8491277000 49671.8639278412
8498084000 49599.7868814468
8504861000 50264.1231689453
8511655000 48071.7341461182
8518459000 48962.0059328079
8525269000 47900.3038024902
8532084000 46877.9636211395
8538897000 45834.404135704
8545692000 46631.186214447
8552481000 46372.1658535004
8559274000 46143.8685293198
8566079000 46015.49492836
8572886000 46900.5207109451
8579647000 46383.7520751953
8586453000 47252.3477039337
8593248000 47021.9056224823
8600054000 47882.7025470734
8606861000 45748.2444725037
8613670000 46627.1766147614
8620483000 45536.7882556915
8627304000 44511.6556491852
8634114000 43387.50598526
8640923000 42250.8045864105
8647723000 42032.4006519318
8654498000 39594.0137367249
8661304000 39419.6903991699
8668100000 38155.0410671234
8674914000 36042.0526561737
8681720000 35856.0229454041
8688523000 34640.1688461304
8695340000 33541.3764476776
8702145000 32334.9951515198
8708945000 30081.5179576874
8715769000 31031.4651546478
8722583000 28891.1115913391
8729385000 29643.2001132965
8736192000 29434.5737800598
8743023000 27429.3087081909
8749842000 27316.4868621826
8756675000 28320.6360149384
8763492000 27182.7026443481
8770305000 26006.3191890717
8777125000 25886.4573459625
8783940000 25719.5139789581
8790760000 25591.8178539276
8797568000 24356.6258563995
8804383000 24177.9451351166
8811199000 24003.9818706512
8817980000 22524.0644054413
8824799000 23368.1807193756
8831612000 22156.6081638336
8838434000 22018.7770652771
8852002000 20075.7114391327
8858792000 21650.1203556061
8865581000 18212.0193786621
8872355000 18640.6582622528
8879155000 18289.6700496674
8885979000 19141.7620754242
8892792000 16895.0733146667
8899599000 16592.736946106
8906406000 16286.4969215393
8913232000 14140.165512085
8920038000 13817.4861621857
8926856000 11594.3509082794
8933671000 9341.43944740295
8940540000 9550.06269836426
8947355000 9289.29456520081
8954139000 8757.44785881042
8960931000 8290.66526985168
8967751000 7061.27516174316
8974539000 4552.23748397827
8981314000 4927.31042289734
8988131000 3660.36266326904
8994974000 2613.48487854004
9001795000 2373.14887046814
9008615000 120.279474258423
9015414000 -317.383344650269
9022217000 -2724.4905834198
9029019000 -2144.10883140564
9035836000 -2438.45446586609
9042650000 -3762.54761695862
9056280000 -3405.24967765808
9070314000 -6585.77696228027
9077129000 -8921.05487060547
9083950000 -13208.6017208099
9090771000 -16500.0682983398
9097585000 -16855.6977653503
9104395000 -19249.661283493
9111212000 -18587.2967681885
9118019000 -19014.8918247223
9124792000 -21738.9221954346
9131589000 -21260.3380680084
9145526000 -22364.3118686676
9152332000 -23820.1867446899
9159165000 -26047.7376899719
9166001000 -27253.4209594727
9172839000 -26445.8415622711
9179679000 -28625.0029563904
9186519000 -29808.1059436798
9193362000 -29969.3562335968
9200203000 -32151.7466182709
9207036000 -31406.8553066254
9213879000 -33579.9338359833
9220714000 -33825.7237548828
9227933000 -36774.8924980164
9234828000 -36513.0988464355
9241696000 -36487.3490695953
9248532000 -36740.5635509491
9255369000 -37989.1221408844
9262208000 -36224.4342765808
9269015000 -34738.6219558716
9275801000 -35437.1274528503
9282632000 -33752.9365444183
9289452000 -34167.1668758392
9296273000 -35576.7263584137
9303091000 -36015.9721240997
9309915000 -37407.6045055389
9316735000 -37837.5108699799
9323560000 -39228.4001750946
9330392000 -39563.1079330444
9337224000 -41901.7480716705
9344040000 -42381.6870193481
9350859000 -43839.7854652405
9357671000 -43361.8911170959
9364489000 -44836.4040794373
9371309000 -45297.6671085358
9378126000 -46788.5963096619
9384945000 -47266.2767276764
9391769000 -48704.967666626
9398578000 -49276.2938899994
9405401000 -48731.4027881622
9412220000 -51224.7523460388
9419032000 -51782.0729217529
9425853000 -51266.0962982178
9432669000 -52796.9290733337
9439488000 -52305.9437503815
9446303000 -52853.1830043793
9453125000 -52344.3016014099
9459948000 -53830.7654380798
9466773000 -52304.0011749268
9473604000 -53729.7143115997
9480434000 -55167.9325904846
9487249000 -55738.6809997559
9494068000 -57279.0511894226
9500889000 -57806.1944313049
9507712000 -57320.1141738892
9514557000 -59649.3931083679
9521382000 -59154.0286235809
9528211000 -60628.3089179993
9535036000 -63140.7953834534
9541874000 -63545.8126068115
9548698000 -65074.7233562469
9555521000 -66616.1248722076
9562347000 -69135.7473773956
9569172000 -70667.8617954254
9575990000 -72263.8615646362
9589612000 -74587.5159282684
9596436000 -75143.8716602325
9603268000 -78635.6420612335
9610076000 -80336.8565673828
9616866000 -81196.0993766785
9623696000 -82716.7526111603
9630528000 -84224.2133903503
9637358000 -83752.727930069
9644181000 -84345.0933589935
9651006000 -84924.2617340088
9657852000 -85327.6161575317
9664670000 -86974.5539855957
9671459000 -84873.5847854614
9678256000 -86708.0406532288
9692280000 -85709.513628006
9699086000 -86478.8928833008
9705902000 -87166.6254768372
9712724000 -86806.9460029602
9719561000 -88322.8809070587
9726394000 -88876.966709137
9733207000 -89606.0383472443
9740076000 -90860.106300354
9746878000 -92691.0972557068
9753705000 -93312.2138805389
9760530000 -93954.357755661
9767353000 -94617.5254383087
9774178000 -94267.5168151855
9780999000 -94955.6268768311
9787806000 -94767.3288841248
9794595000 -96736.788526535
9801340000 -98086.1936645508
9808087000 -100422.339054108
9814861000 -101531.584653854
9821678000 -101277.254085541
9828480000 -104155.007480621
9835286000 -104002.482730865
9842105000 -103742.79573822
9848918000 -106538.283376694
9855737000 -105286.42779541
9862556000 -107038.48964119
9869363000 -108896.962652206
9876188000 -108605.609039307
9883000000 -110429.199695587
9889814000 -109239.620897293
9896648000 -109883.176837921
9903467000 -111658.741533279
9910225000 -111959.023359299
9917037000 -114802.147764206
9923851000 -119632.108449936
9930649000 -121602.556524277
9937436000 -122670.787441254
9944234000 -125649.015888214
9951052000 -130460.452394485
9957882000 -137173.400924683
9964699000 -140001.209997177
9971516000 -142832.93419838
9978301000 -148941.596445084
9985112000 -156832.320892334
9991942000 -165564.868022919
9998762000 -173386.647659302
10005582000 -181212.345874786
10012390000 -186144.311807632
10019216000 -190926.669158936
10026027000 -191840.871175766
10032853000 -195631.07085228
10039671000 -195493.41037941
10046505000 -197223.24663353
10053313000 -196178.684381485
10060135000 -195018.675899506
10066956000 -192871.112792969
10073739000 -191051.378574371
10080557000 -188937.203142166
10094180000 -185831.389770508
10101001000 -184703.390817642
10107825000 -181553.748426437
10114626000 -178604.00028038
10121374000 -174109.704217911
10135246000 -167929.566827774
10141992000 -165464.029705048
10148788000 -162576.446271896
10155611000 -161462.794059753
10162421000 -157463.777793884
10169239000 -154400.541566849
10176060000 -151315.675701141
10182886000 -147192.155900955
10189698000 -145191.759777069
10196521000 -143101.623624802
10203345000 -139006.896493912
10210169000 -137916.092535019
10216989000 -136863.259187698
10223816000 -136754.765432358
10230635000 -137718.283967972
10237463000 -138609.128728867
10244284000 -138563.468175888
10251111000 -138470.673446655
10257943000 -138339.263299942
10264778000 -139186.262037277
10271602000 -138130.776432037
10278427000 -139070.707323074
10285255000 -137989.044214249
10292074000 -136987.858673096
10305698000 -136116.30125618
10312521000 -135092.844717026
10319325000 -133234.871686935
10326141000 -129278.766914368
10332983000 -127105.521854401
10339784000 -123284.782665253
10346609000 -121263.917707443
10353429000 -117289.47889328
10360251000 -112301.959079742
10367082000 -111241.867218018
10373903000 -106270.692966461
10380723000 -103311.936506271
10387546000 -99331.6061553955
10394327000 -97712.0683116913
10401151000 -92731.0615272522
10407975000 -88753.9779186249
10414805000 -86729.846326828
10421623000 -82811.5802268982
10428417000 -78101.0874862671
10435159000 -74836.144241333
10441953000 -72133.3992500305
10448796000 -68018.4187889099
10455618000 -63085.7102031708
10462444000 -59122.9577770233
10469269000 -54172.621427536
10476087000 -48285.6396121979
10482915000 -46317.6795272827
10489738000 -41396.0916137695
10503764000 -33339.3504924774
10510587000 -31429.747089386
10524221000 -22724.138053894
10537847000 -15102.0681533813
10544717000 -13813.2967395782
10551534000 -14978.1361560822
10558357000 -15095.9921073914
10565194000 -15099.0147590637
10572018000 -15216.2408618927
10578844000 -15320.4273948669
10585672000 -14411.5778083801
10592494000 -13557.5373325348
10599323000 -12648.0601997375
10606155000 -12717.0747776031
10612983000 -12823.9357185364
10619807000 -9968.63612556458
10626637000 -13066.3956260681
10633464000 -12193.5155181885
10640294000 -13299.1334476471
10647130000 -13357.8277339935
10653953000 -13530.6345844269
10660783000 -12648.0421714783
10667632000 -13608.3758602142
10674466000 -14699.7612667084
10681303000 -15769.6631317139
10688141000 -13835.0309696198
10694979000 -14904.338098526
10701809000 -14045.3526172638
10708645000 -14139.4745883942
10715474000 -13296.8225784302
10722284000 -13619.015958786
10735943000 -16944.8665714264
10742829000 -16635.2690029144
10749618000 -17150.9634132385
10756440000 -20391.1492595673
10763273000 -20542.1317939758
10770105000 -18705.5131168365
10776952000 -17745.8565711975
10783785000 -16908.6471805573
10790618000 -16075.3713188171
10797462000 -17152.9364814758
10804276000 -14488.3192329407
10811110000 -15658.3775539398
10817948000 -14798.5256404877
10824790000 -14908.7704086304
10831628000 -17056.7993793488
10838472000 -17158.0106391907
10845291000 -17474.6412086487
10852123000 -18685.2306556702
10858922000 -17178.8590679169
10865760000 -17346.5510730743
10872584000 -18636.5751228333
10879417000 -19854.4178905487
10886242000 -21143.8379878998
10893066000 -24445.6373100281
10899894000 -22717.5425071716
10906719000 -25018.7367305756
10913541000 -25349.214805603
10920369000 -26632.8981552124
10927195000 -28937.4133281708
10934019000 -30262.7568798065
10940846000 -32566.6709785461
10947667000 -34925.2135066986
10954497000 -37211.6282329559
10961316000 -42594.913684845
10968138000 -44956.7708377838
10974963000 -46297.2048664093
10981800000 -50540.1941165924
10988642000 -53744.8872642517
10995472000 -58054.8795795441
11002298000 -60402.5847606659
11009118000 -63804.8861541748
11015935000 -67236.4397716522
11022749000 -71697.2404441833
11029573000 -78077.5187988281
11036393000 -81495.4916305542
11043217000 -88883.6140384674
11050048000 -96216.5678939819
11056878000 -104561.894079208
11063707000 -110919.590864182
11070531000 -121323.416320801
11077352000 -128756.483076096
11084177000 -136159.714361191
11090992000 -144651.252220154
11097827000 -153977.949905396
11104664000 -163291.709278107
11111488000 -172719.081262589
11118314000 -180133.504575729
11125144000 -189518.111968994
11131977000 -197881.345123291
11138804000 -205299.116991043
11145631000 -214720.815485001
11152453000 -223188.605838776
11159288000 -231550.69493103
11166113000 -240001.038820267
11172891000 -247851.579240799
11179666000 -256731.28238678
11186478000 -263302.935823441
11193251000 -272207.253381729
11199982000 -279469.455432892
11206791000 -288078.053577423
11213523000 -294339.505899429
11220273000 -302453.084308624
11227036000 -310460.953329086
11241010000 -325713.580158234
11247773000 -331733.264486313
11254586000 -339335.579916
11261414000 -345815.447856903
11268232000 -353383.476503372
11275050000 -357955.421430588
11281867000 -363539.704782486
11288683000 -370136.324834824
11295492000 -375795.805843353
11302317000 -380324.466043472
11309136000 -387907.569648743
11315962000 -391435.65577507
11322777000 -398060.273050308
11329600000 -401621.458171844
11336408000 -408312.828552246
11350047000 -417513.706480026
11356869000 -423098.982887268
11370877000 -429218.361747742
11377701000 -431798.781845093
11384538000 -431273.749679565
11391374000 -432761.068569183
11398189000 -433428.983663559
11404996000 -433168.105758667
11411799000 -432944.776296616
11418629000 -433498.259061813
11425461000 -433038.851808548
11432276000 -432726.337963104
11439098000 -432358.874662399
11445926000 -431944.882297516
11452713000 -431879.535432816
11459510000 -430733.997528076
11466332000 -432382.186697006
11473154000 -432034.296741486
11479968000 -431757.571298599
11486836000 -430030.894098282
11493628000 -429946.917695999
11500459000 -429539.082281113
11514115000 -427785.620605469
11520942000 -427423.18343544
11527775000 -427014.264324188
11534609000 -423600.877895355
11541445000 -423174.625593185
11548273000 -422819.507879257
11555142000 -423123.953884125
11561979000 -422701.128391266
11568814000 -422299.036977768
11575650000 -419892.484003067
11582471000 -418615.820293427
11589289000 -416368.265043259
11596101000 -417175.000095367
11602925000 -414884.903383255
11609766000 -414456.022996902
11616594000 -414140.206626892
11623433000 -411735.990980148
11630257000 -411461.607664108
11637082000 -412182.755304337
11643910000 -409882.652341843
11657946000 -407105.848636627
11664772000 -407834.527366638
11671598000 -403567.131572723
11678425000 -403295.272516251
11685252000 -400027.340087891
11692085000 -399713.008775711
11698908000 -396486.481088638
11705727000 -397297.421165466
11712938000 -392825.027767181
11719762000 -392602.101634979
11726589000 -389357.944646835
11733410000 -386168.01889801
11740247000 -385847.876436234
11747066000 -382682.565242767
11753881000 -380554.700986862
11767514000 -375285.567293167
11774339000 -372085.636711121
11781170000 -372839.349977493
11787994000 -368655.651002884
11794812000 -367526.148780823
11801643000 -366291.64422226
11808477000 -364035.93755722
11815299000 -359884.692016602
11822137000 -359603.341291428
11828933000 -356677.724107742
11835750000 -353580.112850189
11842565000 -353503.166538239
11849395000 -351304.51807785
11856219000 -349160.042232513
11863037000 -347069.728654861
11869854000 -345991.703964233
11876674000 -342892.478303909
11883498000 -339763.685388565
11890318000 -337672.299182892
11897132000 -335635.053409576
11903936000 -332685.416683197
11910756000 -331605.773569107
11917575000 -327538.417619705
11924397000 -326449.875061035
11931219000 -323365.253379822
11938041000 -320284.55257225
11944864000 -321199.406352997
11951678000 -317193.473585129
11958492000 -315191.452503204
11965310000 -312159.884843826
11972116000 -310232.601364136
11978917000 -309351.037488937
11985733000 -309347.92770195
11992551000 -306332.007350922
11999373000 -303286.556499481
12006193000 -302261.748764038
12013012000 -299249.220153809
12019814000 -297382.728515625
12026639000 -296327.868602753
12040652000 -291195.882930756
12047469000 -288219.865865707
12054291000 -288205.978582382
12061113000 -284196.012174606
12067935000 -282189.966646194
12074757000 -281187.841991425
12081574000 -279231.412067413
12088394000 -277253.834682465
12095218000 -275246.761390686
12102034000 -272310.435649872
12108851000 -270369.671417236
12115682000 -267315.895746231
12122500000 -265374.618492126
12129318000 -262437.257518768
12136145000 -260428.661262512
12142967000 -258465.739622116
12149789000 -254506.738859177
12156608000 -252576.704319
12163428000 -249642.239336014
12170252000 -246678.303726196
12177067000 -244793.411821365
12183896000 -241795.586637497
12190720000 -240843.41825676
12197547000 -236870.138050079
12211570000 -232856.482614517
12218385000 -229995.31344986
12225190000 -228221.483829498
12232005000 -227368.134592056
12238823000 -223493.673618317
12252464000 -218714.798641205
12259293000 -215760.35159111
12266112000 -214893.225704193
12272930000 -211038.355894089
12279755000 -210129.035840988
12286571000 -207298.67760849
12293387000 -204472.233362198
12300259000 -203182.86753273
12314285000 -199265.551584244
12321112000 -197363.341175079
12334791000 -194362.364263535
12341608000 -191555.276741028
12348440000 -189627.120019913
12355263000 -186777.881092072
12362085000 -185940.895330429
12368919000 -183007.863689423
12375740000 -181187.056562424
12382562000 -179361.83975029
12389386000 -177523.886138916
12396218000 -176623.229598999
12403042000 -173793.126937866
12409911000 -171592.227458954
12416739000 -168736.690883636
12423561000 -165935.037836075
12430406000 -164945.821849823
12437233000 -163110.399736404
12444058000 -159295.552715302
12457705000 -155702.600893021
12464534000 -153866.235092163
12471357000 -150083.729810715
12478180000 -148305.146554947
12485002000 -145538.806108475
12491852000 -142543.42074585
12498664000 -139868.134456635
12505489000 -138088.60981369
12512310000 -136346.28342247
12519132000 -135599.558851242
12525955000 -130848.437822342
12539639000 -128041.946956635
12546469000 -125244.40461731
12553297000 -124467.42241478
12560129000 -122661.110172272
12566962000 -119850.41642952
12573782000 -116151.729154587
12580622000 -114290.7059021
12587443000 -113591.555120468
12594273000 -109821.519870758
12601106000 -108030.481695175
12607942000 -107218.445772171
12614768000 -103493.445335388
12621599000 -101730.823997498
12628409000 -100146.6165905
12635239000 -98400.1537494659
12642068000 -95665.9285373688
12648896000 -93943.9392261505
12655719000 -89267.4096889496
12662541000 -88603.108007431
12669360000 -85967.6429519653
12676186000 -83277.9625892639
12683024000 -81492.5585021973
12689851000 -78802.4324703217
12696676000 -76132.8389606476
12703497000 -73500.379278183
12710373000 -71415.2404308319
12717199000 -67749.1457023621
12724030000 -66045.4732246399
12730862000 -62337.4319038391
12737742000 -60234.947347641
12744552000 -57717.3745517731
12751391000 -53963.0569515228
12765022000 -48856.2109928131
12771850000 -46204.9504146576
12778672000 -43607.3938598633
12785495000 -40005.4627132416
12792328000 -38324.5046806335
12799159000 -36664.0688056946
12805993000 -31982.6829414368
12812837000 -28222.3001194
12819669000 -26565.3745536804
12826493000 -24978.717464447
12833325000 -22329.6520500183
12840154000 -19709.3916015625
12846979000 -16126.2212257385
12853806000 -14530.3957538605
12860636000 -11913.6294956207
12867467000 -9292.50475502014
12874299000 -5667.02325630188
12881135000 -3012.32449913025
12887958000 -469.291570663452
12894797000 1202.39947509766
12901626000 3787.29325675964
12908449000 7318.54746246338
12915284000 8945.29403686523
12922108000 12476.9812507629
12928933000 15013.028673172
12935748000 17462.3236885071
12942580000 19048.5038394928
12949404000 23564.4983501434
12956234000 24126.2561836243
12963072000 25750.3279895782
12969909000 29362.1805801392
12976747000 32978.3743839264
12983589000 34623.7440128326
12990409000 38083.0492897034
12997264000 38828.1529407501
13004089000 42320.986207962
13010918000 42843.0010509491
13017740000 45303.1556663513
13024567000 47800.7660331726
13031397000 45319.2740249634
13038219000 36767.6585388184
13045007000 29930.8197078705
13051822000 22313.4708099365
13058643000 14741.8438053131
13065456000 8100.12203025818
13072271000 3471.03233146667
13079057000 3598.17852401733
13085882000 3043.98141098022
13092708000 1494.12955665588
13099524000 -2142.33787345886
13106338000 2200.74384117126
13113158000 4589.52104187012
13119984000 6023.98338890076
13126789000 9280.9192943573
13133586000 8467.82471656799
13140412000 11890.539390564
13147241000 12334.1235599518
13154078000 14839.89412117
13160904000 17250.8243160248
13167724000 19608.2494487762
13174545000 22970.0186958313
13181378000 24427.0135936737
13188187000 26681.7980060577
13195021000 29139.2006244659
13201853000 30576.1477813721
13215510000 34380.4302883148
13222346000 37838.6189899445
13229174000 39226.8060054779
13236004000 41627.5802707672
13242827000 43966.6258964539
13249647000 45276.9804077148
13256468000 48591.6721324921
13263331000 50249.1630268097
13270157000 51597.2643375397
13276988000 53982.7104701996
13283820000 55372.4788589478
13290645000 56700.5445098877
13297464000 60975.1718292236
13304267000 63113.8535480499
13311027000 63893.8350315094
13317829000 66016.4926452637
13324653000 69316.7533226013
13338319000 73053.9852294922
13345140000 74317.72108078
13351944000 76437.3255558014
13358741000 80495.2996177673
13365569000 82805.0260257721
13372370000 83888.1820487976
13379131000 85637.6231975555
13385892000 89383.2132740021
13392661000 91190.9067974091
13399488000 93472.8771400452
13406277000 96437.6805667877
13413103000 98703.5769233704
13419924000 100924.337718964
13426743000 103124.695899963
13433490000 106727.793905258
13440282000 109697.870462418
13447105000 110919.492141724
13453924000 113104.235187531
13460749000 115334.492273331
13467565000 116486.683002472
13474380000 120626.722318649
13481188000 121705.190811157
13487979000 125639.737689972
13494802000 128833.941978455
13501614000 129933.63776207
13508435000 132103.535202026
13515258000 135285.980886459
13522079000 137448.037723541
13528906000 140655.571849823
13535720000 144752.159955978
13542544000 145927.153247833
13549361000 150040.605581284
13556194000 152281.831380844
13563022000 154477.973844528
13569835000 158546.74772644
13576647000 162603.382257462
13583458000 165647.879156113
13590272000 167713.150814056
13597080000 170725.148231506
13603907000 174889.544691086
13610713000 177877.269721985
13617517000 180844.641508102
13624336000 183931.485031128
13631159000 187047.308012009
13637986000 189192.103553772
13644813000 192332.972467422
13651614000 197256.129837036
13658423000 199241.165830612
13665252000 201386.722873688
13672053000 205298.16929245
13678862000 208271.480560303
13685677000 212290.203651428
13692505000 215411.861604691
13699332000 219521.373304367
13706153000 222577.650960922
13712966000 224564.270259857
13719791000 227645.580076218
13726614000 231706.533210754
13733421000 233632.11463356
13740233000 235594.867565155
13747053000 239619.426769257
13753878000 241681.136810303
13760677000 245525.376501083
13767465000 248275.381601334
13774257000 250054.353471756
13781073000 255026.517089844
13787897000 257060.454860687
13794724000 261115.100782394
13801528000 262976.993131638
13808347000 266958.12468338
13815169000 270959.964963913
13821987000 272925.051790237
13828810000 273927.260183334
13835606000 278703.95766449
13849231000 283516.472555161
13856050000 286470.19934082
13862869000 290420.008699417
13869687000 292357.696502686
13876474000 297037.15789032
13883302000 299049.060733795
13890098000 302794.55884552
13896909000 305659.193403244
13903709000 308429.705871582
13910538000 312434.142587662
13917399000 314697.053815842
13931013000 319325.491670609
13937832000 322232.235740662
13944650000 324126.864574432
13951470000 328033.971595764
13958280000 330855.193426132
13965097000 333729.880777359
13971916000 336617.044023514
13978728000 340442.925270081
13985547000 344322.257680893
13992360000 347148.50992012
13999179000 351020.010921478
14006004000 352936.750343323
14012798000 358595.611343384
14019634000 361594.626369476
14026449000 362417.695129395
14033270000 365285.993124008
14040082000 368076.663459778
14046831000 371347.504865646
14053651000 373195.901597977
14060434000 375737.421751022
14067250000 378545.252662659
14074074000 382414.664848328
14080900000 385296.526521683
14087668000 388699.68870163
14094478000 390442.769788742
14101295000 395239.236074448
14108110000 398015.419153214
14114930000 397828.606719971
14121755000 403678.790157318
14128586000 405574.143156052
14135396000 408293.748399734
14142133000 411412.221158981
14148874000 414559.592559814
14155710000 416480.238769531
14162525000 421225.179460526
14176523000 426712.933418274
14183351000 430552.234428406
14190164000 434264.950782776
14196987000 437055.522115707
14203814000 438874.875326157
14210638000 441665.775709152
14217466000 444485.452220917
14224283000 447211.284194946
14231102000 451949.548391342
14237913000 454618.510332108
14244743000 458438.842079163
14251566000 461198.040081024
14258396000 465010.515703201
14265225000 465810.890443802
14272051000 469582.825576782
14278863000 474236.460092545
14285688000 477992.383247375
14292503000 480662.697038651
14299313000 484288.258338928
14306132000 487983.418758392
14312947000 490641.994621277
14319769000 494353.821102142
14326612000 495233.204969406
14333435000 497945.342685699
14340248000 500571.91355896
14347068000 503251.721248627
14353899000 507017.407016754
14360720000 509697.533988953
14367518000 513186.011011124
14374328000 515768.534032822
14381141000 518371.633069992
14387971000 520109.549427032
14394786000 523721.137407303
