38000 -108231.763145291
6893000 -113311.788404246
13713000 -115716.513389185
20535000 -117106.319978576
27357000 -118499.565062083
34126000 -119382.599469118
40962000 -120654.2318331
47797000 -122938.492241144
54632000 -123226.204260565
61459000 -123590.763195068
68290000 -124922.070031002
75129000 -123183.437211022
81971000 -124420.741349921
88781000 -126955.02076377
95585000 -126547.757935882
102327000 -126712.541754752
109083000 -127752.291363418
115836000 -127822.924442843
122587000 -127915.26660572
129718000 -127526.610101059
136470000 -127616.707519323
143225000 -128682.668112785
149977000 -128779.503611445
156728000 -128888.874776483
163476000 -131029.113863289
170228000 -131136.051743418
176974000 -130301.353186041
183728000 -131396.693897426
190476000 -131550.394181609
197225000 -130698.294385552
203982000 -130776.248820782
210727000 -129967.537151605
217479000 -131098.046589971
224230000 -132241.086707473
230984000 -132360.008454204
237739000 -131473.139099389
244488000 -131644.606372088
251241000 -132782.797377259
257991000 -130951.837350398
264740000 -130133.40301457
271500000 -131217.586131036
278255000 -130350.937503457
285009000 -129496.818058312
291763000 -130646.068900824
298512000 -128844.474525273
305266000 -130000.463447988
312017000 -128187.290361881
318769000 -127368.329167545
325521000 -125552.736265123
332274000 -126731.357249975
339027000 -125913.347524583
345773000 -125162.78093785
352529000 -125324.047574639
359286000 -123479.534086466
366040000 -122665.849609911
372801000 -124791.475546718
379633000 -123270.764277816
393327000 -123965.190638244
400188000 -122189.50800705
406950000 -120323.042779684
413738000 -121222.097772896
420565000 -120767.789640605
427378000 -118444.988329828
434205000 -117997.56020838
441032000 -118553.575623214
447840000 -117286.806019723
454657000 -117941.152545631
461477000 -115571.497950792
468305000 -115132.124998033
475133000 -117696.196590424
481954000 -115327.716146767
488781000 -113907.816139519
495606000 -113509.644342661
502438000 -112050.921236277
509271000 -112586.505384445
516101000 -111152.961592793
522941000 -110631.461185157
529773000 -108186.535940588
536607000 -107726.780662298
543443000 -105252.198379755
550280000 -105771.930420876
557110000 -106359.080643177
563937000 -104977.089294434
570773000 -104516.310426831
577601000 -106132.074410915
584426000 -104778.690264583
591249000 -103447.018178463
598069000 -101146.189894915
604891000 -101830.529563785
611719000 -101463.505175233
618541000 -100154.724856615
625365000 -100831.117531538
632239000 -99054.3385105133
639043000 -98920.272192359
645862000 -97652.6577022076
652694000 -97269.7791733742
659519000 -97954.2608120441
666341000 -96669.573137641
673152000 -95488.7453674078
679970000 -95247.4439992905
686788000 -95009.5770941973
693608000 -94756.8892358541
700426000 -93525.8922644854
707247000 -91270.9496543407
714083000 -92882.5515910387
720916000 -91524.9832205772
727753000 -91134.3636995554
734620000 -89473.4574351311
741444000 -88208.3745856285
748273000 -88901.1138993502
755485000 -86103.1320711374
762317000 -87775.5878392458
769139000 -87542.7134627104
775947000 -87440.9803186655
782767000 -86233.218115449
789585000 -85047.1336245537
796416000 -85745.9221293926
803253000 -85393.4405620098
810083000 -85108.2463428974
816907000 -84881.2102764845
823739000 -83584.6699688435
830558000 -82410.1069053411
837394000 -82083.9888600111
844224000 -81816.0229159594
851058000 -78515.0392334461
857882000 -80308.6618597507
871534000 -78869.77039361
878367000 -77591.6900469065
885207000 -77253.264424324
892036000 -78018.5389851332
898864000 -76796.3716431856
905687000 -75623.2090411186
912511000 -75444.3744062185
919339000 -73232.5361595154
926163000 -74060.5845624208
932980000 -72955.8436323404
939803000 -70799.8790456057
946635000 -69565.3728343248
953466000 -71343.4237141609
960289000 -70197.7862039804
967120000 -68982.7281916142
973946000 -68816.6527305841
980769000 -68681.3392722607
987590000 -66567.6772917509
1001262000 -68077.5164237022
1008089000 -65919.5551789999
1014914000 -65783.2454084158
1021743000 -64613.9632982016
1028565000 -63511.847463727
1035386000 -64422.2725800276
1042205000 -63354.3390878439
1049022000 -64308.0439640284
1055846000 -63201.4756799936
1062658000 -62207.5532003641
1069476000 -61162.4595130682
1076295000 -59111.7008548975
1083115000 -59055.2787368298
1089943000 -56929.5056891441
1096766000 -55852.6667935848
1103589000 -55779.2674005032
1110401000 -53809.3735613823
1117217000 -53806.5225000381
1124032000 -52816.1997945309
1130852000 -50783.831512928
1137672000 -49754.8997094631
1144492000 -48729.404384613
1151310000 -46725.5333213806
1158147000 -48552.3223624229
1164970000 -45509.8653826714
1171787000 -45525.402176857
1178600000 -45580.7399282455
1185414000 -43630.4157347679
1192217000 -41783.5215346813
1199050000 -41667.33573246
1205875000 -42627.3184020519
1212700000 -41590.7425904274
1219545000 -41375.8312766552
1226364000 -40400.6786658764
1233185000 -40410.7858402729
1240007000 -39415.2431623936
1246831000 -38404.9653096199
1253660000 -39352.6963176727
1267676000 -38005.9549174309
1274505000 -36964.2032158375
1281337000 -36898.6442131996
1288540000 -35466.4564340115
1295363000 -35489.7310996056
1302175000 -34616.3554623127
1308989000 -33728.2437620163
1315804000 -30834.4807572365
1322621000 -30925.9867246151
1329436000 -31039.0876095295
1343458000 -31716.3374888897
1350262000 -29939.8011884689
1357079000 -29048.6622993946
1363894000 -26179.1132364273
1370704000 -26358.3840253353
1377520000 -23486.6181488037
1384330000 -22672.7447724342
1397947000 -21082.5042519569
1404762000 -20233.5327596664
1411580000 -19360.7687218189
1418393000 -18536.8099403381
1425197000 -17797.9434883595
1432009000 -15989.9121844769
1438822000 -15176.2366518974
1445634000 -14375.062693119
1452446000 -14577.3171551228
1459257000 -12792.071177721
1466070000 -10992.1113419533
1472923000 -9832.7756755352
1479744000 -9967.13781881332
1486552000 -7222.8360414505
1493370000 -7391.27246332169
1500180000 -6635.6882750988
1506994000 -5847.26004314423
1513801000 -5125.7320125103
1520616000 -3335.09451913834
1527429000 -1566.02067279816
1534628000 -2301.06033349037
1541442000 -529.974573373795
1548255000 1228.6161878109
1555064000 947.521277666092
1561873000 2663.00096583366
1568674000 5302.55080938339
1575485000 5029.30882310867
1582300000 5788.88761878014
1589109000 6490.66569924355
1595935000 8343.05609416962
1602749000 9083.27751016617
1609554000 9738.52817749977
1616370000 11490.012319088
1623184000 11219.9459562302
1629995000 12919.2735841274
1636805000 13606.1157755852
1643619000 15325.7616336346
1650435000 16060.0910871029
1657256000 15836.2706475258
1664075000 18590.9007077217
1670894000 19342.095297575
1677701000 21981.1944177151
1684516000 20689.306125164
1691334000 22421.1483707428
1698190000 24493.5886962414
1705002000 25164.2249758244
1711817000 25858.5902738571
1718648000 26694.3557412624
1725466000 25409.0045146942
1732281000 27093.0659222603
1739091000 27728.4435658455
1745892000 28278.9451448917
1752706000 27943.67233634
1759516000 28568.7732715607
1766326000 30190.4477987289
1773138000 31826.7918167114
1779953000 31486.8497507572
1786768000 32143.4762434959
1793580000 31769.5319788456
1800393000 33401.2052288055
1807207000 34038.4944829941
1814013000 35599.9938719273
1820824000 36203.2930073738
1827638000 35830.2964966297
1834449000 37426.7392938137
1841260000 39019.7546765804
1848092000 39799.2332994938
1854910000 40448.6766409874
1861733000 40139.8925380707
1868549000 41764.3826351166
1875360000 42340.2383010387
1882177000 43966.9059123993
1888990000 43553.9825098515
1895802000 44128.5907931328
1902615000 44708.8090388775
1909438000 44375.9766499996
1916259000 46021.6300086975
1923078000 47645.7721395493
1929891000 50212.260594368
1936714000 48865.6782619953
1943526000 51416.2674674988
1950347000 52044.7419631481
1957168000 53669.7789723873
1963982000 54228.1415543556
1970796000 54783.0737018585
1977628000 54497.166561842
1984448000 56099.422801733
1991264000 56662.1152303219
1998074000 57167.1872308254
2004884000 57668.8328230381
2012078000 57634.6909501553
2018895000 58192.4990642071
2025713000 57755.9030110836
2032534000 58342.9588475227
2039349000 58872.4075152874
2046161000 58371.3414096832
2052975000 58884.9014313221
2059792000 59422.1113300323
2066610000 60964.9140393734
2073808000 61934.0668289661
2080622000 61433.708268404
2087814000 61341.2611346245
2094625000 62806.7788155079
2101461000 63494.4613969326
2108278000 66007.2507977486
2115095000 65516.6067433357
2121909000 65995.4626905918
2128723000 65470.8882036209
2135530000 66879.7350621223
2142344000 67348.3032305241
2149173000 67948.7434711456
2155984000 70383.3842294216
2162810000 69949.8849670887
2170014000 69921.9893732071
2176833000 70418.2875614166
2183650000 72893.1150407791
2190471000 72400.5775265694
2197282000 74814.4364080429
2204474000 73660.0000066757
2211291000 73120.9057979584
2218110000 74596.4082803726
2224925000 76032.4170136452
2231742000 76483.0224375725
2238548000 77831.0452151299
2245365000 77274.7892680168
2252182000 78715.0998654366
2258991000 78079.8805866241
2265796000 78405.1897063255
2272604000 78754.1105890274
2279431000 80270.8074007034
2286242000 79639.900053978
2293067000 80131.6987934113
2299883000 82538.9747319221
2306688000 81843.7244091034
2313500000 84208.1088881493
2320319000 82632.1176009178
2327125000 84935.599603653
2333932000 83244.6657376289
2340743000 84586.3325338364
2347563000 87005.6214985847
2354381000 86403.4639749527
2361194000 88752.849480629
2368013000 89152.8295474052
2374838000 90603.3951077461
2381651000 90942.4832696915
2388465000 90287.1444911957
2395273000 91574.3633761406
2402090000 90939.1711907387
2408900000 92237.5387115479
2416107000 93105.6621780396
2422927000 93486.9765462875
2429737000 94774.8600635529
2436555000 94131.3086462021
2443377000 94520.3164858818
2450192000 95842.9003491402
2457007000 96162.0527706146
2463822000 97477.773750782
2470637000 97790.0632896423
2477830000 98499.3709616661
2484650000 96849.5841932297
2491463000 98133.3968091011
2498277000 99422.7743701935
2505096000 100753.690847874
2511917000 100099.158586979
2518721000 100288.310175896
2525536000 102572.957353115
2532356000 102899.132368565
2539174000 103203.88820219
2545989000 105478.237027168
2552802000 103731.17372036
2559628000 105097.548924446
2566441000 105343.620218754
2573265000 105685.139256954
2580096000 105086.136087418
2586911000 106339.880152225
2593731000 106635.129382133
2600567000 108070.731203556
2607336000 106900.797391415
2614149000 109122.85413599
2620965000 107368.437380314
2627781000 107610.588176727
2634598000 107858.290826321
2641416000 108111.543817997
2648236000 107379.3289361
2655072000 108787.402212143
2661879000 107931.536595821
2668692000 108126.138288498
2675517000 107425.085903168
2682325000 107567.918822765
2689133000 108707.327346802
2695947000 107897.190092087
2702756000 108038.726072788
2709573000 106248.666753769
2716390000 106455.173979759
2723211000 106694.158769608
2730027000 105884.819818497
2736839000 107036.14142704
2743650000 106175.058370113
2750462000 105319.523640156
2757288000 105586.21381712
2764098000 105705.865730762
2770912000 105857.988160133
2777734000 107078.469970226
2784542000 107169.88816309
2791357000 107320.691001892
2798174000 107486.006833076
2804987000 106612.002357006
2811802000 106752.510872364
2818608000 107808.851589203
2825421000 106924.561347008
2832237000 107063.750777245
2839049000 107163.630973339
2845869000 105331.832291603
2852681000 105424.85161972
2859495000 106532.377898693
2866314000 104681.309654236
2873125000 104755.072511196
2879940000 104861.272655487
2886756000 103973.007030487
2893570000 104063.378620625
2900385000 103159.284440517
2907198000 103233.830497265
2914012000 104313.910784245
2920835000 103471.22902441
2927647000 104526.518610954
2934467000 102650.076951981
2948093000 102761.428247452
2954917000 102910.526751041
2961728000 100939.703028202
2968540000 100974.411520004
2975353000 101014.650716782
2982174000 101123.129463673
2988987000 101156.505778313
2995799000 101177.49505043
3002612000 100204.01301384
3009472000 101648.062067509
3016260000 102443.794952393
3023072000 101451.057958603
3029888000 102490.712931156
3036704000 100526.935454845
3043517000 102532.8632617
3050336000 102589.083157539
3057150000 101597.102171421
3063958000 103547.975275993
3070770000 102531.232289791
3077582000 102511.060882568
3084391000 102460.607845783
3091204000 102442.531672955
3098021000 102456.826324463
3104842000 102503.485756397
3112034000 103866.801970482
3118844000 102807.965698719
3125649000 102700.962913036
3132459000 101635.276341438
3139272000 102593.004407406
3146082000 103520.463510036
3152901000 101525.010280609
3159716000 101490.339562893
3166536000 103496.962408066
3173358000 101518.037768364
3180167000 101419.402724743
3186981000 101362.05973053
3193796000 101310.229288578
3200613000 101272.852371693
3207430000 101232.041998863
3214240000 103125.207839012
3221058000 101086.475052834
3227863000 101928.081704617
3234694000 100998.706091881
3241507000 101904.972609997
3248318000 101789.931783199
3255121000 100599.955898762
3261934000 102495.940174103
3268737000 100299.120528221
3282742000 99460.8586082458
3289553000 100325.067608833
3296365000 99194.7846026421
3303178000 97070.0080809593
3310002000 98040.0805473328
3316826000 98006.7125024796
3323635000 98835.9030499458
3330455000 96759.9299883842
3337265000 97591.1965851784
3344081000 96472.6280741692
3350891000 96297.0388360023
3357707000 97171.6084494591
3364530000 95105.2582221031
3371340000 94919.3801999092
3378153000 94756.8638677597
3384972000 95644.4912810326
3391790000 95519.7548651695
3398604000 93355.8725681305
3405422000 93224.2692408562
3412232000 93017.8166704178
3419059000 92959.6855421066
3425886000 91898.110877037
3432701000 90725.9886546135
3439560000 91943.127530098
3446359000 90621.3310556412
3453169000 89394.2812948227
3459984000 90208.42172575
3473594000 88647.9619932175
3480411000 88469.6617918015
3487263000 88600.173833847
3494460000 89804.88803339
3501276000 88607.1581773758
3508085000 89343.5575122833
3514900000 89130.0470218658
3521711000 86877.4300537109
3528518000 87585.7126460075
3535327000 87308.4073553085
3542164000 87277.3596396446
3548981000 88064.5234174728
3555800000 86866.0862212181
3562617000 87646.3820800781
3569437000 86449.9901838303
3576258000 86259.0765380859
3583073000 85011.2400536537
3589886000 83742.1446833611
3596698000 84460.7066664696
3603524000 83300.6182413101
3610349000 84128.175078392
3623967000 84487.8056964874
3630783000 85224.8578095436
3637602000 83985.208065033
3644418000 83715.3937702179
3651612000 85809.8154578209
3658431000 84559.6718845367
3665240000 85217.0112953186
3672053000 84906.555911541
3678866000 84592.6711001396
3685682000 84302.0767946243
3692498000 85008.0500411987
3699309000 85666.0626511574
3706117000 84293.9324431419
3712943000 84078.6611990929
3719759000 81770.9061627388
3726571000 82424.1041841507
3733377000 82020.4550614357
3740216000 81907.1699047089
3747038000 80639.0932126045
3753850000 81278.5619482994
3760658000 80878.9978432655
3767478000 81582.8165626526
3774284000 81158.597433567
3781100000 81819.9518723488
3787919000 81504.5711359978
3794727000 81087.8704652786
3801549000 81792.3185815811
3808369000 80475.5330438614
3815184000 81110.8256464005
3821999000 79742.6868071556
3828815000 78380.0125956535
3835668000 79343.041823864
3842486000 77991.2742023468
3849297000 76573.8102254868
3856107000 77144.0247821808
3862928000 74808.6419754028
3869746000 74443.1425461769
3876944000 75453.3691411018
3883757000 74036.3493175507
3890568000 74598.1170516014
3897378000 72147.5663676262
3904191000 71720.2607774734
3911000000 70253.9657707214
3917815000 68837.5823264122
3924640000 67506.6573414803
3931467000 68190.0678081512
3938283000 67772.2669444084
3945098000 67342.1461544037
3951911000 66890.8199734688
3958717000 67373.8590641022
3965529000 66906.7915830612
3972337000 66400.7538189888
3979157000 65997.9112062454
3985975000 64573.8631987572
3992790000 66119.7288656235
3999606000 66671.046541214
4006421000 66210.0488219261
4013243000 65807.7967658043
4020059000 65348.81457901
4026872000 64859.7556347847
4033687000 63385.0291285515
4040490000 65800.3060235977
4047302000 65292.0828962326
4054506000 65261.1597614288
4061323000 64790.2769589424
4068140000 65315.9607005119
4074959000 64855.9667534828
4081773000 64348.1504364014
4088585000 62819.149930954
4095398000 64295.5973782539
4102213000 62786.3671383858
4109029000 63282.5808234215
4115837000 62704.363155365
4122656000 63220.3390512466
4129475000 64732.8794770241
4136291000 64215.3643751144
4149919000 65134.5474462509
4156739000 63642.2243804932
4163536000 63942.4240527153
4170408000 63904.5229597092
4177209000 63233.3396072388
4184024000 64682.9164624214
4190838000 64120.1925544739
4197653000 64562.9070310593
4204466000 62984.453435421
4211279000 63402.570412159
4218085000 62755.1868000031
4224894000 63130.9812221527
4231707000 60538.8154535294
4238520000 60943.2202572823
4245359000 61574.6933012009
4252173000 60981.0909528732
4258990000 57410.6510305405
4265804000 57810.1863036156
4272624000 57259.4708199501
4279434000 56616.6910982132
4286248000 55005.9340610504
4293066000 56427.1936664581
4299881000 56818.4350123405
4306712000 55348.0171022415
4313583000 54228.561811924
4320363000 55299.3812918663
4327175000 54650.3004961014
4333995000 53068.661242485
4340811000 52448.152545929
4347637000 52912.7887773514
4354460000 53347.4107818604
4361286000 50805.1634702682
4368109000 50232.9049577713
4374913000 48488.9482374191
4381725000 49812.4128952026
4388543000 47185.5774250031
4395359000 47537.5990686417
4402172000 46859.6271390915
4408994000 45257.9046239853
4415814000 45635.0382127762
4422634000 44008.7353229523
4429459000 44423.2544164658
4436280000 42798.9272403717
4443091000 42082.6557312012
4449905000 42389.507352829
4456720000 41701.7782182693
4463538000 42037.1651649475
4470348000 41298.3282833099
4477169000 40653.3948354721
4490826000 39485.9228620529
4497640000 38768.7428159714
4504452000 39030.440032959
4511262000 38271.0175323486
4518084000 38614.3103609085
4524899000 37892.2522106171
4531720000 36219.8274412155
4538535000 36490.9033880234
4545350000 36758.5478935242
4552162000 34996.2330789566
4558983000 36310.0689477921
4565792000 34514.3679037094
4572605000 35750.6059217453
4579416000 33965.733288765
4586227000 33177.4332399368
4593040000 34403.3849897385
4599862000 32705.4592342377
4606675000 30924.5475978851
4613492000 31175.5589160919
4620309000 31423.1367788315
4627120000 29614.2586565018
4633938000 28863.8092136383
4640757000 28118.7613887787
4647571000 29326.1002082825
4654391000 27583.019033432
4661205000 25783.4939632416
4668019000 24980.5384588242
4674829000 26138.8182668686
4681645000 24346.6700267792
4688453000 23480.4288864136
4695273000 22716.7479906082
4702090000 21923.135969162
4708909000 22143.75258255
4715742000 20484.5613021851
4722550000 18601.169511795
4729368000 20802.6486682892
4736194000 18071.3256015778
4743009000 18239.446223259
4749828000 16439.4474945068
4756647000 16636.0132951736
4763455000 16732.0464601517
4770267000 15859.9612779617
4777079000 17984.4476747513
4783895000 16140.8076734543
4790697000 15170.1851921082
4797563000 16760.9122066498
4804369000 15818.7168083191
4811178000 15899.5694942474
4817989000 13994.6427526474
4824809000 13165.6909389496
4831628000 13324.4806690216
4838442000 13435.7275543213
4845262000 10596.4698343277
4852082000 12753.7756357193
4858902000 10907.6449594498
4865717000 10013.9805040359
4872543000 9213.89312553406
4879360000 8330.99715518951
4886224000 6859.11121845245
4893032000 6889.96768951416
4899849000 5996.75221157074
4906663000 6073.65397453308
4920290000 4208.35076999664
4927489000 2668.70220184326
4934297000 2678.80254936218
4941116000 782.431287765503
4947927000 -1187.88253116608
4954741000 -1135.18511581421
4961562000 -4024.23148155212
4968379000 -3951.96283340454
4975198000 -4865.50489807129
4982019000 -4764.86069965363
4989212000 -7390.203956604
4996030000 -8323.05169773102
5002840000 -8329.8085308075
5009648000 -9357.60942268372
5016461000 -9344.79309749603
5023286000 -10229.7123746872
5030104000 -11179.7243719101
5036920000 -11150.784453392
5043735000 -12134.0832901001
5050547000 -13147.2309808731
5057365000 -16110.9752883911
5064174000 -16157.3972330093
5070982000 -16216.048871994
5077834000 -17890.7581596375
5084623000 -19123.5431537628
5091443000 -20086.847158432
5098257000 -20106.4013156891
5105068000 -20155.7912359238
5111887000 -20138.198390007
5118706000 -22124.0410146713
5125524000 -21122.1193742752
5132345000 -23097.2329139709
5139151000 -21207.7728004456
5145963000 -22268.9425411224
5152779000 -22298.347700119
5159980000 -23944.0580387115
5166800000 -23945.3331136703
5173623000 -23923.6545333862
5180432000 -25028.5623579025
5187281000 -26785.0674524307
5194094000 -25861.6654081345
5200908000 -25932.8980989456
5207725000 -27981.178647995
5214537000 -27076.8610925674
5221350000 -27167.17877388
5228167000 -29225.755156517
5234977000 -28349.3102397919
5241794000 -30414.7500085831
5248628000 -29334.1733436584
5255440000 -29450.4419155121
5262260000 -30499.8176088333
5269072000 -30622.9470491409
5275885000 -31740.715754509
5282695000 -32888.2798442841
5289514000 -32960.1770019531
5303121000 -32386.6791343689
5309960000 -32293.1343126297
5316784000 -33334.837141037
5330395000 -33753.6140203476
5337214000 -34849.5428466797
5344017000 -35089.4530820847
5350833000 -37218.5956420898
5357646000 -37377.5199956894
5364454000 -37583.7868337631
5371273000 -39696.8748760223
5378098000 -40760.7087659836
5384909000 -39950.9195737839
5391721000 -39135.7771987915
5398533000 -40324.063243866
5405352000 -42454.3205785751
5412172000 -41579.2342977524
5418986000 -42760.2559900284
5425792000 -43014.9327535629
5432607000 -44194.0337104797
5439426000 -44341.4578180313
5446238000 -45553.7533788681
5453055000 -45725.597032547
5459868000 -44935.9763898849
5466686000 -46105.9098806381
5473495000 -46358.248831749
5480309000 -46570.1429224014
5487120000 -45811.7880935669
5493939000 -47986.6763181686
5500754000 -51200.090177536
5507583000 -48294.1269540787
5514395000 -49540.7253456116
5521214000 -51729.3549480438
5528029000 -51956.5021257401
5534845000 -54178.3107213974
5548474000 -55658.5323057175
5555286000 -55925.7107858658
5562106000 -56126.1736164093
5568922000 -56365.1429433823
5575734000 -58642.6127252579
5582548000 -58905.9779319763
5589361000 -61181.5395679474
5596180000 -62407.9376821518
5602994000 -63681.596206665
5609803000 -64002.5075855255
5616623000 -66230.4405755997
5623434000 -68540.6813364029
5630247000 -67836.8235645294
5637064000 -70101.3453378677
5643870000 -71465.6822061539
5650680000 -72798.3956003189
5657495000 -74090.7305955887
5664304000 -74439.0597791672
5671120000 -74729.494682312
5677940000 -76988.3242311478
5684762000 -78233.0723657608
5691596000 -80376.1576900482
5698411000 -81689.0944252014
5705225000 -82014.220035553
5712048000 -83263.9637041092
5718861000 -84604.7111415863
5725672000 -85966.39985466
5732487000 -88296.4942998886
5739318000 -89489.9415254593
5746121000 -88931.9598608017
5752928000 -92342.3819236755
5759739000 -92721.2137470245
5766560000 -94015.9439506531
5773378000 -94340.3688392639
5780192000 -93703.2357730865
5787006000 -95069.5331411362
5793824000 -97404.2573881149
5800641000 -99751.1664838791
5807454000 -100136.508559227
5814283000 -101385.290021896
5821095000 -101786.247881889
5827915000 -101120.647200584
5834717000 -101615.944597244
5841542000 -104913.470986366
5848357000 -104301.907487869
5855169000 -105720.014496803
5861983000 -106124.058221817
5868800000 -107505.296334267
5875616000 -108898.71274662
5882447000 -109164.396487236
5896076000 -110994.636663437
5902894000 -112384.30325222
5909707000 -113821.115937233
5916522000 -113243.874403
5923339000 -111652.581671715
5930157000 -112055.981578827
5936972000 -109489.036886215
5943818000 -108654.589595795
5950639000 -107042.08757782
5957452000 -108502.933437347
5964259000 -107019.638501167
5971067000 -105531.029162407
5977872000 -105072.056090355
5984684000 -103555.346883774
5998341000 -102243.933010101
6005154000 -100728.790400505
6011970000 -99190.8729028702
6018785000 -98665.1221218109
6025601000 -98134.069018364
6032415000 -97623.9148845673
6039236000 -97056.0618858337
6046042000 -96622.6301736832
6052852000 -96157.6938428879
6059662000 -95696.1839179993
6066483000 -93142.0622177124
6073299000 -93635.0292024612
6080114000 -94140.158372879
6086922000 -91709.8236179352
6093735000 -92239.2696065903
6100550000 -90754.6885681152
6107369000 -90238.628080368
6114180000 -88795.8208169937
6120994000 -87330.2608194351
6127810000 -85850.6788311005
6134610000 -85514.1406459808
6141420000 -86093.7667379379
6148233000 -83650.6451272964
6155042000 -84245.8497447968
6161865000 -83722.3480052948
6168682000 -83254.6249256134
6175494000 -81833.9487476349
6182308000 -81399.2566184998
6189120000 -80985.438287735
6195944000 -80470.3942289352
6202755000 -78072.1594572067
6209572000 -77625.0310668945
6216386000 -76207.495136261
6223198000 -75810.8279705048
6230013000 -74391.4332408905
6236830000 -73958.0336360931
6244030000 -74189.2113056183
6250850000 -71736.7201471329
6257673000 -70261.5156135559
6264489000 -68850.7633810043
6271301000 -67478.3060407639
6278110000 -66135.4224443436
6284930000 -64700.103600502
6291722000 -62512.2160720825
6298531000 -62179.6056642532
6305342000 -60832.9944648743
6312156000 -58463.6729021072
6318972000 -57080.3575954437
6325805000 -56552.3777942657
6332614000 -55236.9135122299
6339424000 -53916.1640529633
6346234000 -51598.8410015106
6353049000 -50241.3965015411
6359862000 -48904.8015775681
6366680000 -47528.0932598114
6373490000 -45224.4838914871
6387151000 -42270.5551939011
6393971000 -42890.1801948547
6400787000 -39548.0658512115
6407602000 -39218.0894975662
6414410000 -36952.479847908
6421227000 -35611.9537830353
6428045000 -34266.1571435928
6434868000 -33880.2773351669
6441693000 -31480.4309844971
6448519000 -31075.3236341476
6455327000 -29830.2950658798
6462131000 -26623.4969406128
6468945000 -25333.1090984344
6475758000 -24054.8521966934
6482568000 -24806.1247272491
6496187000 -21327.6480083466
6503019000 -19897.8324384689
6509842000 -18549.7473306656
6516663000 -18222.4966907501
6523488000 -15863.8956203461
6530311000 -14526.1290197372
6537127000 -12252.6737155914
6543928000 -11113.0828819275
6550741000 -10872.569817543
6557555000 -8626.79171848297
6564372000 -8358.36217880249
6571193000 -7058.59227752686
6578010000 -5797.03166389465
6584842000 -4408.51781082153
6598477000 106.112465858459
6605293000 -654.759736061096
6612130000 -1236.56534767151
6618946000 995.686978340149
6625760000 2207.12800979614
6632569000 3371.69400978088
6639383000 5576.27669048309
6646195000 4760.05311107635
6653008000 5949.08852005005
6659811000 7047.8254365921
6666651000 8464.53989219666
6673470000 7695.39384841919
6680285000 8888.07075786591
6687103000 10103.3708982468
6693923000 10332.605348587
6700747000 11593.1388511658
6707564000 12789.4481935501
6714389000 12051.7870788574
6721205000 14232.5431098938
6728026000 13453.2760276794
6741643000 14667.407907486
6748449000 15747.6356048584
6755264000 16902.5596103668
6762085000 17106.1282806396
6768900000 19254.1863832474
6775718000 19424.8480739594
6782527000 19513.9747438431
6789340000 18634.3853597641
6796150000 18725.3360462189
6802968000 21882.2709684372
6809783000 20009.7439470291
6816605000 22194.5127439499
6823415000 22271.7452201843
6830229000 22380.2485532761
6837034000 23407.2571372986
6843847000 24500.2308216095
6850665000 25633.1391096115
6857483000 24762.6129350662
6864303000 24905.9958934784
6871128000 25089.2988462448
6877941000 25165.1107959747
6884757000 25263.5041799545
6891576000 26384.4744663239
6898386000 26423.9857625961
6905199000 28486.0769815445
6912012000 27544.7387733459
6918821000 28565.3000564575
6925640000 27669.1086072922
6932455000 30734.8146362305
6939267000 30771.0904445648
6946087000 29873.2638807297
6952894000 31859.3525571823
6966515000 33881.9094686508
6973328000 33909.7069158554
6980141000 34934.0749349594
6986947000 34894.3743686676
6993763000 34937.873758316
7000572000 35917.308588028
7014188000 38848.5805921555
7021029000 39094.867266655
7027839000 41069.2451114655
7034649000 41040.1965503693
7041466000 42068.3325443268
7048284000 42101.6932888031
7055097000 42088.3310613632
7061911000 43080.1966047287
7068728000 42094.6017990112
7075550000 41148.8544921875
7082364000 42130.4231948853
7089175000 44082.595911026
7095991000 43074.614616394
7102803000 45028.5841655731
7109619000 44013.739988327
7116427000 46926.2379999161
7123238000 45861.269618988
7130057000 46862.0911340714
7136877000 46868.1288385391
7143688000 48792.8696594238
7150502000 47740.1350259781
7157311000 47640.7192077637
7164119000 48529.2283411026
7170989000 49950.5598659515
7177777000 49659.2162790298
7184592000 50597.9680423737
7191398000 51455.4596824646
7198208000 51344.1174545288
7205021000 52255.2886924744
7211836000 53180.3227472305
7218646000 52058.697268486
7225454000 52916.3551511765
7232272000 52857.0347595215
7239086000 53759.7034711838
7245905000 52702.1597719193
7252717000 54580.678896904
7259528000 54447.1270027161
7266341000 53327.4318828583
7273153000 56195.6657438278
7279964000 54051.8300962448
7286787000 54008.2540473938
7293598000 54857.5575332642
7300417000 53772.5502214432
7307232000 54649.5511465073
7314042000 54479.9277791977
7320854000 54324.1541385651
7327676000 51251.3277111053
7334485000 51062.7810153961
7341299000 50913.9917020798
7348111000 52744.4998483658
7354928000 51614.7573223114
7361738000 52421.1360168457
7368608000 53742.1607627869
7375419000 52550.2904882431
7382244000 52475.8622455597
7389058000 53303.0291814804
7395897000 52342.5787706375
7402717000 53214.6643657684
7409540000 54109.2080259323
7416356000 52939.8951091766
7423177000 52810.302280426
7429958000 54332.0717830658
7436791000 52299.1781597137
7443619000 52219.6899614334
7450446000 52128.1287269592
7457274000 52041.7519426346
7464047000 52477.4189176559
7470876000 50392.8077726364
7484463000 52600.8044958115
7491285000 52445.5141878128
7498106000 51278.1604146957
7504925000 52090.120221138
7511740000 50864.1487026215
7518558000 50660.6161231995
7525376000 52453.6490812302
7532199000 51286.359837532
7539007000 51986.301861763
7545816000 51691.4409379959
7552640000 52522.4687480927
7559505000 52703.493932724
7566329000 52527.620051384
7573155000 52365.5445108414
7579987000 53251.7399730682
7586804000 52005.2105960846
7593617000 51720.7761058807
7600430000 50432.9121875763
7607250000 52201.9371929169
7614072000 49984.7585277557
7620890000 51729.6777706146
7627709000 50479.7779464722
7634521000 52166.1384086609
7641305000 51607.8675270081
7648078000 49951.4435596466
7654889000 49618.9390907288
7661710000 50369.1360464096
7668530000 51107.2831363678
7675361000 49936.7243766785
7682191000 49754.1066732407
7688973000 49154.7207708359
7695730000 50336.6773509979
7702525000 49842.4356842041
7709349000 46594.4542684555
7716177000 47377.4677791595
7723009000 47191.4701633453
7729835000 45950.376865387
7736665000 46740.2704229355
7743493000 46509.5037345886
7750324000 46301.1115112305
7757149000 46037.6367235184
7763971000 47744.9044332504
7770721000 46829.1861219406
7777493000 47099.396771431
7784320000 48839.4296150208
7791146000 46567.4156017303
7797981000 47369.3844022751
7804799000 49021.6623029709
7811621000 48704.9129734039
7818452000 47462.1368780136
7825272000 47121.3044242859
7832102000 48863.038441658
7838918000 46480.9288311005
7845687000 47691.2201910019
7852432000 46691.7552804947
7859234000 48179.0316972733
7866027000 46585.5096645355
7872810000 46902.6054439545
7879590000 45190.5115747452
7886360000 44389.0585670471
7893167000 44902.2632961273
7899963000 44317.496553421
7906741000 44574.6114492416
7913525000 44879.8977375031
7920300000 43104.4397306442
7927098000 42523.2358083725
7933887000 42861.2825784683
7940658000 42041.2631206512
7947450000 41398.283618927
7954251000 39829.2172279358
7961001000 41818.6042575836
7967778000 42036.5623140335
7974549000 40199.588470459
7981334000 39479.4771213531
7988125000 39807.4970779419
7994924000 40200.8158378601
8001721000 38573.5437259674
8008532000 38063.0799102783
8015337000 37497.6681442261
8022138000 36894.4899835587
8028932000 39227.7942037582
8035732000 37609.199596405
8042502000 38729.6461877823
8049293000 37026.9757213593
8056059000 35106.304268837
8062835000 36268.0830163956
8069639000 33666.7863588333
8076417000 33838.9310178757
8083199000 32042.0083646774
8089978000 32215.943696022
8096768000 31480.8718891144
8103558000 31742.3937702179
8110312000 30691.6387701035
8117085000 29800.5190353394
8123867000 29983.2186689377
8130688000 30497.0711917877
8137473000 29698.6879024506
8144285000 29128.4885349274
8151052000 29168.907998085
8157879000 29720.5178203583
8164693000 28157.1997318268
8171513000 28641.9025163651
8178330000 27097.4446811676
8185146000 26540.979180336
8191961000 26972.5075235367
8198778000 25417.750831604
8205593000 25842.4152860641
8212376000 24989.3379812241
8219145000 26012.8576126099
8225965000 24470.1229915619
8232787000 22941.0932712555
8239546000 22868.7031602859
8246303000 21775.7983846664
8253057000 21653.812748909
8259810000 20519.8881320953
8266629000 20948.0949392319
8273454000 19424.2723932266
8280275000 18862.7396011353
8287101000 18340.6027126312
8293925000 17797.8909492493
8300731000 17097.5566158295
8307487000 16965.5414152145
8321109000 16633.4527673721
8327929000 16039.3402748108
8334713000 14133.5175943375
8341478000 15061.6040897369
8348241000 12969.1849880219
8355065000 14395.6477832794
8361902000 13929.9650392532
8368729000 12375.22219944
8375555000 12808.4756813049
8382375000 11186.9288053513
8389207000 11664.6550617218
8396039000 11138.9327363968
8402918000 10011.9935855865
8409732000 9325.31327152252
8416559000 9746.44499778748
8423378000 10095.6803178787
8430178000 9278.91415214539
8436931000 9056.61814975739
8443784000 7686.4633731842
8450597000 8970.65491676331
8457394000 9114.55150794983
8464193000 9272.14194774628
8470967000 8212.48973464966
8477735000 8098.13168811798
8484489000 9860.66005706787
8491277000 8910.57232761383
8498084000 9119.55100822449
8504862000 10077.1392536163
8511655000 9159.58452987671
8518459000 9332.66591453552
8525270000 8562.17049503326
8532084000 9813.89339447021
8538897000 9053.63778495789
8545692000 9136.09646129608
8552482000 10172.408454895
8559274000 10222.4072742462
8566079000 10380.0966386795
8572886000 10551.4557495117
8579647000 10326.3186292648
8586453000 11482.3095359802
8593254000 12592.1577672958
8600055000 12698.5886421204
8606861000 12844.3174238205
8613670000 14012.2514724731
8620483000 14210.9283046722
8627304000 13474.5080509186
8634114000 13640.6988830566
8640923000 13794.9227724075
8654498000 13725.8944807053
8661304000 13844.2467041016
8668100000 13873.7912654877
8674914000 13053.6079502106
8681720000 12161.694026947
8688523000 12240.7466640472
8695341000 10444.4276752472
8702145000 11525.1700496674
8708945000 11568.3500080109
8715769000 12812.9537906647
8722583000 12968.7720336914
8729385000 13018.7518444061
8736192000 13107.9807815552
8743023000 13398.5781784058
8749842000 14583.338136673
8756675000 15884.1104125977
8763492000 15044.9294166565
8770305000 15168.1910572052
8777125000 14347.7365856171
8783940000 15481.1957874298
8790760000 15653.8708782196
8797568000 15720.7619438171
8804383000 16843.9278278351
8811199000 15972.1902275085
8817980000 15798.5593090057
8824800000 17954.0822410583
8831613000 18046.4835643768
8838434000 18203.6630096436
8845252000 18331.8286514282
8852002000 17876.8640079498
8858793000 18768.0351428986
8865581000 16630.227148056
8872355000 17369.6867351532
8879155000 17327.3523731232
8885979000 17486.1400222778
8892792000 16547.7459602356
8899599000 16554.7939281464
8906406000 16558.418504715
8913232000 15720.5076313019
8920038000 16708.7559604645
8926856000 13795.8148384094
8933671000 13853.8825283051
8940540000 13368.5124664307
8947355000 13419.6900863647
8954139000 14203.3970603943
8960931000 14051.838886261
8967751000 13135.3313179016
8974539000 12942.87890625
8981314000 14636.3221607208
8988131000 12683.9993057251
8994975000 12958.1312255859
9001795000 13024.4694843292
9008615000 13087.371263504
9015415000 10976.5792274475
9022213000 10845.3461093903
9029019000 11778.7935504913
9035836000 11802.4435577393
9042650000 10797.1275444031
9049471000 10847.9535579681
9056280000 11793.2239112854
9063104000 8862.70903587341
9070314000 10213.1603927612
9077129000 10198.9951114655
9083950000 7232.44521713257
9090771000 6262.45783615112
9097586000 6237.9921875
9104395000 5159.05734062195
9111212000 5144.74341201782
9118019000 6041.94316291809
9124792000 4646.55682563782
9131590000 4460.38833999634
9138381000 3211.27903747559
9145526000 3968.91918373108
9152333000 2848.86166763306
9159165000 3937.93696212769
9166001000 3057.57063865662
9172839000 3190.75416946411
9179679000 4337.48452186584
9186519000 1480.75821113586
9193362000 2646.07439613342
9200203000 -209.067543029785
9207037000 872.841876983643
9213879000 1019.28633308411
9220715000 111.285907745361
9227933000 -2554.24428367615
9234828000 -968.040012359619
9241696000 -1614.74421882629
9248532000 -536.794023513794
9255369000 -1453.80131340027
9262208000 -2357.27296638489
9269015000 -1536.0124206543
9275801000 -3896.54146575928
9282632000 -3878.28212356567
9289452000 -1956.88917732239
9296273000 -4030.44059371948
9303091000 -4132.90433502197
9309915000 -4187.855884552
9316735000 -5280.21036529541
9323560000 -5333.55081748962
9330393000 -5322.416015625
9337225000 -5323.21990013123
9344040000 -5471.77834701538
9350859000 -6589.81590080261
9357672000 -6762.21440505981
9364489000 -6904.0940284729
9371309000 -6023.94738769531
9378126000 -7172.69543647766
9384945000 -7307.90580558777
9391769000 -7404.12633895874
9398578000 -9631.05574989319
9405402000 -8734.14974212646
9412220000 -10891.5855445862
9419032000 -10103.3540935516
9425854000 -10233.7256259918
9432669000 -10426.9099311829
9439488000 -10589.5995311737
9446303000 -11789.648733139
9453126000 -11925.2851467133
9459948000 -12072.841085434
9466773000 -11198.3969612122
9473605000 -12268.0412464142
9480434000 -13366.5696468353
9487249000 -12587.2356910706
9494068000 -13777.4231643677
9500889000 -14954.0921077728
9507712000 -13117.2455482483
9514557000 -15097.3667049408
9521382000 -14250.4592685699
9528211000 -14373.0934276581
9535036000 -17533.0710468292
9541875000 -17577.8545837402
9548699000 -17753.195766449
9555521000 -17948.9233875275
9562347000 -19114.1996650696
9569172000 -19291.3904247284
9575990000 -19531.3228569031
9582808000 -20774.6897544861
9589612000 -21140.0773220062
9596436000 -22339.4864521027
9603268000 -24474.5806045532
9610076000 -24816.3776931763
9616866000 -24314.030916214
9623696000 -25476.3733539581
9630528000 -26625.2275123596
9637358000 -25794.4640865326
9644181000 -27026.4121074677
9651006000 -28244.8678150177
9657852000 -27288.9915752411
9664670000 -27573.5951976776
9671460000 -27098.6363735199
9678256000 -27576.3004875183
9685074000 -26871.1823139191
9692280000 -26885.903842926
9699086000 -29289.398311615
9705902000 -28611.6966362
9712724000 -27886.6593151093
9719561000 -30038.1478366852
9726394000 -30226.9313411713
9733207000 -30588.3611221313
9740077000 -30471.0385475159
9746878000 -32940.8617687225
9753705000 -31194.1859874725
9760530000 -32467.8693771362
9767353000 -31761.908908844
9774178000 -32042.4743270874
9787806000 -30799.9573249817
9794595000 -31395.2269382477
9801340000 -32365.9130344391
9808087000 -33323.0518379211
9814861000 -33055.3012619019
9821678000 -32427.4490642548
9828480000 -33929.8222503662
9835286000 -32401.8046264648
9842105000 -32767.3361206055
9848918000 -34187.0107975006
9855737000 -31559.4102115631
9869364000 -34407.462972641
9876188000 -31747.9168968201
9883000000 -33193.1965408325
9889814000 -31625.0080776215
9896648000 -31891.2948455811
9903467000 -32287.7410411835
9910226000 -33194.4279499054
9917037000 -32665.2848777771
9923851000 -34114.2319736481
9930649000 -33701.7334499359
9937436000 -33385.5414714813
9944234000 -33979.866109848
9951052000 -34408.7302799225
9957882000 -35739.7100830078
9964699000 -35183.8919563293
9971516000 -35631.5072822571
9978301000 -36352.691280365
9985112000 -35857.8047428131
9991942000 -38205.9719467163
9998763000 -38633.5476455688
10012390000 -36625.5996131897
10019217000 -39012.8479881287
10026027000 -37546.9892978668
10032853000 -37949.5538635254
10039672000 -38414.6213054657
10046505000 -38765.0105857849
10053313000 -37329.7540435791
10060135000 -36779.8223667145
10066957000 -37233.3291835785
10073739000 -36027.6614513397
10080557000 -36521.7617797852
10087374000 -35027.7302417755
10094180000 -33629.8969688416
10101001000 -33108.9961547852
10107820000 -31608.3971424103
10114626000 -31220.8451004028
10121374000 -28325.7223682404
10128113000 -26509.8398571014
10135246000 -26375.8353023529
10141992000 -24507.8521995544
10148789000 -25213.3456554413
10155611000 -23711.5367679596
10162421000 -22314.3038463593
10169239000 -22853.076374054
10176060000 -22370.0020198822
10189698000 -22447.8701972961
10196521000 -22958.2550754547
10203345000 -22463.6543579102
10210169000 -23972.4941482544
10216989000 -24518.4708156586
10223816000 -25008.9188518524
10230635000 -23570.1950855255
10237463000 -25059.1035785675
10244284000 -24610.4111404419
10251112000 -25106.2051925659
10257943000 -24580.1805896759
10264778000 -25023.9213161469
10271602000 -25563.7342758179
10278427000 -27098.5681915283
10285255000 -26611.5864830017
10292074000 -26203.8162117004
10305698000 -27516.4276008606
10312522000 -28076.8715229034
10319325000 -26817.5030841827
10326141000 -24452.145652771
10332983000 -23871.4170818329
10339784000 -22639.1629199982
10346609000 -21208.3777351379
10353430000 -20814.690114975
10360251000 -17424.4399795532
10367082000 -17953.497303009
10373903000 -16570.1271800995
10380723000 -16198.6065368652
10387546000 -16805.2879009247
10394327000 -15768.670255661
10401152000 -15365.3884811401
10407975000 -12982.3681869507
10414805000 -13543.9210605621
10421623000 -14209.8281612396
10428417000 -13080.9730033875
10435159000 -13392.7426452637
10441953000 -15270.6820373535
10448796000 -14740.090379715
10455618000 -18389.4940814972
10462444000 -19008.7124519348
10469270000 -22631.3733482361
10476088000 -26324.7163619995
10482915000 -26945.8538341522
10489738000 -29604.0506038666
10496610000 -32853.918598175
10503764000 -35737.6538543701
10510587000 -39406.3606910706
10517404000 -41128.9184055328
10524221000 -44854.9095745087
10531038000 -44584.334197998
10537898000 -45955.9757900238
10544717000 -48675.4892253876
10551534000 -50415.2368812561
10558357000 -51108.0247707367
10565194000 -51686.6750431061
10572018000 -51377.9511318207
10578844000 -51055.8730182648
10585672000 -51720.4437274933
10592494000 -51438.8370704651
10599323000 -52101.8979988098
10606155000 -52743.2184658051
10612983000 -53421.5668506622
10619807000 -51136.9371032715
10626637000 -53805.3849105835
10633470000 -53452.0993156433
10640294000 -53177.7986621857
10647130000 -53806.2307758331
10653954000 -54538.8171901703
10660783000 -53232.8876018524
10667633000 -54754.1968231201
10674466000 -54421.6077709198
10681303000 -55058.9091625214
10688148000 -54632.5499362946
10694979000 -55327.0952892303
10701810000 -56025.0882148743
10708645000 -54692.977645874
10715474000 -54414.6422615051
10722285000 -56290.7140750885
10729119000 -55977.3294448853
10735943000 -55751.2529087067
10742780000 -57419.6086997986
10749618000 -57083.0333805084
10756441000 -59875.6762256622
10763273000 -59596.3049945831
10770105000 -60320.3823471069
10776952000 -59922.1674728394
10783785000 -61644.7673454285
10790618000 -60370.8168087006
10797462000 -62008.1226100922
10804276000 -60900.3101177216
10811111000 -63619.9439258575
10817948000 -62326.2699623108
10824790000 -61994.1537036896
10831628000 -62699.010848999
10838472000 -63357.0535869598
10845291000 -64227.9987812042
10852123000 -64993.4762802124
10858922000 -66038.8322219849
10865761000 -64752.5571155548
10872584000 -65603.7481231689
10879417000 -66374.6271343231
10886243000 -68207.5782489777
10893066000 -69069.0943164825
10899894000 -68892.1817035675
10906719000 -70743.8330307007
10913541000 -71624.0437602997
10920369000 -73457.4602413177
10927195000 -75311.0645065308
10934019000 -76184.8535270691
10940846000 -77036.9712276459
10947667000 -78942.7531051636
10954497000 -79776.6460437775
10961316000 -82706.0456256866
10968138000 -83613.774892807
10974963000 -85499.8383846283
10981800000 -86288.9323692322
10988643000 -89031.2775058746
10995472000 -90894.2143802643
11002298000 -90785.6950206757
11009119000 -92722.4460220337
11015935000 -94704.4598236084
11022749000 -96706.6351928711
11029573000 -98628.6004390717
11036394000 -98579.0968494415
11043218000 -100507.9416008
11050048000 -100390.051609039
11056878000 -103275.608179092
11063708000 -102164.611310959
11070531000 -105115.58821106
11077352000 -105086.725664139
11084177000 -105027.860519409
11090992000 -106056.032066345
11097828000 -107912.09577179
11104664000 -107771.612100601
11111488000 -108734.877084732
11118314000 -110684.867582321
11125144000 -110604.872627258
11131977000 -111503.254768372
11138804000 -111455.222408295
11145631000 -113410.633586884
11152454000 -113402.90820694
11159289000 -115298.368665695
11166113000 -114289.174371719
11172891000 -114667.679979324
11179666000 -117074.638765335
11186478000 -117175.947654724
11193251000 -118606.411445618
11199982000 -118391.02598381
11206791000 -119527.612627029
11213523000 -118310.610233307
11220273000 -118946.656806946
11227037000 -119469.177145004
11233831000 -119744.608795166
11241010000 -120809.298261642
11247773000 -120350.529745102
11254586000 -120477.768871307
11261410000 -121516.621227264
11268232000 -123575.606937408
11275050000 -122671.414815903
11281867000 -122779.002574921
11288684000 -123890.023788452
11295493000 -125071.233724594
11302318000 -126122.366584778
11309136000 -126235.344764709
11315963000 -126276.671340942
11322777000 -126429.892549515
11329600000 -126511.467195511
11336408000 -128721.602117538
11343237000 -128760.002916336
11350047000 -128960.316438675
11356869000 -130063.977874756
11370877000 -130246.273983002
11377701000 -131343.757699966
11384538000 -130336.290136337
11391374000 -130340.613529205
11398190000 -131515.125947952
11404997000 -130768.097673416
11411803000 -130032.828601837
11418629000 -131134.275686264
11425461000 -129189.156459808
11432276000 -131389.168945312
11439098000 -131534.276285172
11445926000 -130632.822349548
11452713000 -132076.457395554
11459510000 -130440.172834396
11466332000 -131599.006933212
11479968000 -131993.636835098
11486836000 -130779.589817047
11493629000 -131193.760328293
11500459000 -131303.157310486
11507290000 -130407.672094345
11514115000 -129565.603984833
11520942000 -131710.321893692
11527775000 -129808.519855499
11534609000 -128901.840665817
11541445000 -128981.959604263
11548273000 -128132.137022018
11555142000 -129944.424703598
11561979000 -131026.589412689
11568814000 -130128.856185913
11575650000 -130226.250858307
11582471000 -127451.946229935
11589289000 -128706.04719162
11596101000 -130013.515808105
11602925000 -128224.552505493
11609766000 -130297.569490433
11616594000 -129482.213041306
11623434000 -129570.458982468
11630258000 -130795.276378632
11637082000 -131023.534282684
11643910000 -131221.958032608
11650740000 -130407.190004349
11657947000 -130460.117053986
11664772000 -129694.018016815
11671599000 -127914.727258682
11678425000 -127147.196153641
11685252000 -126374.791965485
11692085000 -126555.940666199
11698909000 -127815.370382309
11712938000 -126177.077199936
11719762000 -126447.020540237
11726589000 -125695.466718674
11733411000 -125988.916700363
11740247000 -126169.443487167
11747066000 -126494.71064949
11753881000 -126856.655445099
11760705000 -125147.241344452
11767514000 -125565.910758972
11774340000 -125846.752058029
11781170000 -125097.801780701
11787994000 -124402.146194458
11794812000 -124759.776220322
11801643000 -125012.849538803
11808477000 -125244.450906754
11815300000 -125570.868911743
11822137000 -125784.449432373
11828934000 -124333.683376312
11835750000 -122728.545286179
11842565000 -124135.143630981
11849395000 -122420.621141434
11856219000 -121759.363098145
11863037000 -120151.360422134
11869854000 -120555.094181061
11876674000 -120937.356990814
11883499000 -120281.551452637
11890318000 -119678.990198135
11897132000 -120121.364200592
11903936000 -119650.163181305
11910756000 -119049.599311829
11917575000 -117460.770366669
11924397000 -119850.483064651
11931220000 -117235.33681488
11938042000 -115631.92700386
11944864000 -116031.955684662
11951678000 -113501.790279388
11958492000 -111975.055307388
11965310000 -111418.571090698
11972116000 -110965.054338455
11978917000 -110556.429546356
11985733000 -113026.820930481
11992554000 -111459.18022728
11999373000 -110911.561815262
12006193000 -112359.08697319
12019814000 -110421.973688126
12033452000 -109357.639978409
12040653000 -110664.08779335
12047470000 -110157.279769897
12054291000 -109620.751815796
12061113000 -109079.373508453
12067936000 -108533.146352768
12074757000 -110006.93237114
12081574000 -108517.301195145
12088394000 -107006.245994568
12095218000 -106465.485984802
12102034000 -104994.44503212
12108851000 -103518.552211761
12115686000 -101896.98425293
12122500000 -101452.817329407
12129319000 -99970.6668262482
12136145000 -98433.9757003784
12142967000 -96933.8542804718
12149789000 -95437.1713542938
12156608000 -93968.7692813873
12163428000 -92495.522397995
12177068000 -90559.3380641937
12183896000 -88030.1704483032
12190720000 -87537.5604419708
12197548000 -87015.2798976898
12204369000 -84554.3847026825
12211570000 -82951.7658119202
12225190000 -81229.6116733551
12232005000 -79832.2981357574
12238823000 -78413.5918998718
12245650000 -76923.8522529602
12252464000 -75545.1142959595
12259293000 -75045.7087650299
12266112000 -73632.4757461548
12272930000 -71230.9503898621
12279755000 -70774.9576778412
12286571000 -67396.8471412659
12293388000 -66013.8983764648
12300259000 -64187.793598175
12307074000 -61828.2782802582
12314285000 -60197.6103496552
12321112000 -57745.9337081909
12334791000 -54646.2204608917
12341608000 -52287.5582180023
12348441000 -51800.0636043549
12355263000 -48406.9457817078
12362090000 -47975.9384288788
12368919000 -46531.8444099426
12375740000 -45157.3127155304
12382562000 -44777.9544143677
12389386000 -43385.5074310303
12396218000 -42930.3962860107
12403042000 -40544.8343582153
12409911000 -39790.9196300507
12416740000 -39370.9535713196
12423561000 -37020.5215740204
12430406000 -36475.2736549377
12437233000 -35082.1684036255
12444058000 -32709.0257854462
12450889000 -30289.7704200745
12457705000 -29997.8407268524
12464534000 -29601.9890079498
12471358000 -27250.8705005646
12478180000 -26919.7065620422
12485002000 -24591.9811153412
12491850000 -23053.0376720428
12498665000 -22789.9909172058
12505489000 -21456.0805110931
12512311000 -21142.1196250916
12519133000 -19831.597234726
12525955000 -18524.513338089
12532823000 -18841.2302837372
12539639000 -17590.5614814758
12546469000 -16227.7973670959
12553297000 -16884.9827690125
12560129000 -15512.6088237762
12566962000 -14135.4329910278
12573783000 -12860.706319809
12580622000 -11440.926858902
12587443000 -12173.084230423
12594273000 -8834.44303131104
12601106000 -8474.50455474854
12614768000 -6797.96412658691
12621599000 -6464.86527061462
12628409000 -5308.37847137451
12635239000 -4990.40958786011
12642068000 -3684.1321849823
12648896000 -4389.54475212097
12655719000 -2139.62141609192
12662539000 -1917.86780548096
12669360000 -2691.30776786804
12676186000 -1426.97322273254
12683024000 -2067.17847824097
12689851000 -801.49365234375
12696673000 -1580.45678520203
12703497000 -346.377649307251
12710373000 1312.73446083069
12717199000 2556.38509178162
12724030000 2837.78751945496
12730862000 4123.98073005676
12744552000 6900.19247055054
12751391000 8233.68470954895
12758205000 9357.81284713745
12765023000 9511.4538936615
12778672000 13915.4853477478
12785496000 13108.2223930359
12792328000 14363.3894710541
12799159000 14606.8746528625
12805994000 16879.8434963226
12812837000 20215.2191486359
12819670000 18464.8171348572
12826493000 20628.6525974274
12833325000 19863.1256580353
12840154000 21069.4592857361
12846979000 23239.428237915
12853806000 23422.4142246246
12860636000 23626.6429862976
12867467000 23835.6534538269
12874299000 27049.4441070557
12881135000 27292.6952056885
12887958000 28425.5459098816
12894797000 28686.5770721436
12901626000 29861.8951625824
12908450000 29992.6415061951
12915284000 31202.1946773529
12922109000 32334.2791881561
12928933000 34454.6984577179
12935748000 35497.6682224274
12942580000 35676.9927425385
12949404000 38787.0909824371
12956234000 37943.0789604187
12963072000 39161.3899993896
12969909000 41368.0256958008
12976748000 42587.6481494904
12983589000 43820.254322052
12990409000 43876.7999954224
12997264000 45217.5629119873
13004090000 45316.5270290375
13010918000 46428.4839515686
13017740000 47487.6933498383
13024568000 47592.7642097473
13031398000 48710.8228321075
13038219000 46751.4940414429
13045007000 47517.6278858185
13051822000 47502.1528816223
13058643000 45532.5312862396
13065456000 44493.7631015778
13072271000 45467.9917583466
13079057000 45200.6226387024
13085882000 45250.1243095398
13092709000 43312.6077098846
13099524000 42273.1141281128
13106338000 44221.9784851074
13113158000 45216.6730918884
13119984000 44257.1888809204
13126789000 46121.8709163666
13133586000 44917.4627380371
13140412000 46947.6761569977
13147241000 45999.0698394775
13154078000 48112.6746921539
13160904000 48132.5534706116
13167724000 48099.7532291412
13174543000 48055.3109302521
13181378000 48138.714345932
13188187000 49005.3473434448
13195021000 48073.6566028595
13201853000 47122.1081371307
13208682000 47142.5019226074
13215510000 47151.2476005554
13222346000 48222.1651096344
13229174000 48224.0176620483
13236004000 47238.8277454376
13242827000 49192.7875328064
13249647000 50118.7077274323
13263331000 52320.9955749512
13270157000 51285.7752532959
13276988000 52288.1024513245
13283820000 51295.1795825958
13290645000 50241.4291286469
13297464000 50135.0581760406
13304268000 49902.3118534088
13311027000 49297.3479709625
13317829000 49041.393535614
13324653000 47962.2994937897
13331515000 46191.1362705231
13345140000 44827.2689247131
13358742000 44261.2706069946
13365569000 44186.1235256195
13372370000 43894.5679092407
13379131000 43271.9764766693
13392661000 43082.177488327
13399488000 42989.9216766357
13406277000 44583.0610027313
13413103000 44475.749332428
13419924000 44324.0578899384
13426743000 44152.5550708771
13433490000 46388.1928081512
13440283000 44997.0207805634
13447106000 44848.0026874542
13453925000 44662.8053455353
13460749000 45515.0946941376
13467565000 46298.4721050262
13474380000 47070.2336387634
13481188000 45781.2832775116
13487979000 48349.8073730469
13494802000 48176.7455291748
13501614000 48910.2486400604
13508435000 49713.9515209198
13515258000 49530.5777244568
13522079000 50327.4046230316
13528903000 50145.3322257996
13535720000 52902.5670681
13542544000 51713.6171798706
13549361000 52463.9815826416
13556194000 54341.7506370544
13563022000 54175.1857147217
13569835000 55882.5306625366
13576647000 57578.2703094482
13583459000 58270.5815372467
13590273000 57975.8140697479
13597080000 59620.3956489563
13603907000 62425.0309696198
13610714000 61062.7557086945
13617517000 62664.3656597137
13624337000 63401.4861412048
13631159000 65151.5138301849
13637986000 64938.9597148895
13651614000 67291.092294693
13658424000 66929.3336200714
13665259000 67768.3816337585
13672053000 69269.0564403534
13678862000 68888.845697403
13685677000 71554.2164382935
13692505000 72322.3307762146
13699333000 73087.0005664825
13706153000 75782.895401001
13712966000 75418.1931724548
13719791000 78148.0450496674
13726614000 77858.1258277893
13733421000 78434.1385231018
13740233000 79047.5467472076
13747053000 81722.8327903748
13753878000 81435.4962348938
13760677000 82932.499080658
13767465000 84336.3070964813
13774257000 83769.3558864594
13781073000 86394.8547706604
13787897000 86082.2033042908
13794724000 88790.5905990601
13801528000 89307.871515274
13808347000 90944.1133308411
13815169000 92601.3944206238
13821987000 93222.6060409546
13828810000 91881.1693992615
13835606000 95316.0613746643
13842416000 93861.728302002
13849231000 95444.7474727631
13856050000 96056.9561100006
13862869000 96665.7292766571
13869687000 95262.9127540588
13876475000 96612.0502719879
13883302000 97275.7588577271
13890098000 96683.2898979187
13896909000 97209.6917304993
13903709000 97642.9973926544
13910538000 98309.2715606689
13917349000 97825.3876266479
13924196000 99631.4832344055
13931013000 98189.6244869232
13937832000 98760.630651474
13944650000 100320.052667618
13951470000 99892.3365726471
13958280000 100379.707265854
13965097000 99920.6817436218
13971916000 101474.51609993
13978728000 100967.891845703
13985548000 101523.004442215
13992361000 103017.664476395
13999179000 105549.618343353
14006004000 105135.146781921
14012799000 106472.924365997
14019634000 110133.016302109
14026449000 109626.803901672
14033270000 111166.012859344
14040083000 112636.651296616
14046831000 113574.68693161
14053651000 114095.483623505
14060434000 115311.659219742
14067250000 117793.043109894
14074074000 118336.107501984
14080900000 119892.008609772
14087668000 120972.456699371
14094478000 122391.300239563
14101296000 122871.814231873
14108110000 124316.347345352
14114930000 123806.266626358
14121755000 126333.427408218
14128587000 126914.092308044
14135396000 127304.213125229
14142133000 129105.254253387
14148874000 129935.476406097
14155710000 130534.98482132
14162525000 132960.256380081
14169316000 132186.926561356
14176523000 132792.920278549
14183351000 135313.415807724
14190165000 134716.639223099
14196987000 137181.472503662
14203814000 137683.514953613
14210638000 139157.726783752
14217466000 140661.012201309
14224283000 143071.444850922
14231102000 145494.699079514
14237913000 145849.501729965
14244743000 147355.280651093
14251566000 147800.730976105
14258396000 150299.620300293
14265225000 149786.938066483
14272051000 151246.436803818
14278863000 153588.757190704
14285689000 153041.37793541
14292503000 154393.080394745
14299313000 156708.862510681
14306132000 157094.315982819
14312947000 157443.848104477
14319769000 160846.795547485
14326612000 160416.83417511
14333435000 161821.014001846
14340251000 163164.918161392
14347068000 165513.50881958
14353899000 166972.32424736
14360720000 167346.512704849
14367519000 168538.68006134
14374328000 169808.601423264
14381141000 172107.563108444
14387971000 173541.066131592
14394786000 174849.39125061
